400006
4691.157813972306 0.0 1136.6687892562952
0.0 4690.204098617831 2007.4164397746492
0.0 0.0 1.0
-0.22884943301417876 0.3034335813588118 -0.000555090875942017 -0.0006369852144901887 0.0
0.10316346384016783 -0.1763638943787528 0.9789040180160968 -2618.2064401274924
-0.097792760276708 0.9775885293155895 0.18643294609066602 -531.5444789562272
-0.9898453797265314 -0.11496279446039481 0.08360430685016362 2431.9591881146575

400008
4707.484254583344 0.0 1518.533404059316
0.0 4706.12676695718 2046.4545153030622
0.0 0.0 1.0
-0.22631259788598823 0.29296321493061533 -0.00014672091283292706 -0.00034868394460923244 0.0
0.9942145013324536 -0.005689285369462599 0.10726209662432262 -290.87593007184444
-0.007923644376260402 0.991990900945968 0.12606057393255568 -646.2194098273334
-0.10712021844665581 -0.12618115735874194 0.9862066590363042 -40.18632345564475

400009
4686.8551948792365 0.0 1509.404627994349
0.0 4685.738882292459 2012.5198937895134
0.0 0.0 1.0
-0.23016181638031122 0.3067703809351345 -0.000262383091579515 -0.00013074945075795369 0.0
0.09063337705183816 -0.18782408580042864 0.9780121184103052 -2851.97113162369
-0.0383420180102909 0.9806677124494669 0.1918872778847731 -536.683333720093
-0.9951459594547316 -0.05489035026635221 0.08167967206446969 2449.200510079023

400010
4713.599294711215 0.0 1154.8743876423148
0.0 4711.927902363968 2072.3011648369784
0.0 0.0 1.0
-0.23075252892255194 0.32809210292838903 -0.0009056351940541845 0.0001927979614434883 0.0
0.016174458150344906 -0.1958046518345926 0.9805095232701605 -2651.1056101608297
0.3731241056965302 0.9109803081953779 0.17576484241286422 -515.1543590273434
-0.9276404414705667 0.36300883790920074 0.08779404847769723 2535.153526542102

400011
4703.547917404047 0.0 1166.8880955325242
0.0 4700.950689254637 2021.7838819875712
0.0 0.0 1.0
-0.22955746059086057 0.3077408691731304 0.0006165126163718433 -0.0002343972949464713 0.0
0.7894415748922057 -0.12450473858353442 0.6010661942764374 -1534.0629717496479
0.22253770729542197 0.9706469712330281 -0.09122185082449319 260.71154748194823
-0.572065528294977 0.20577421438653276 0.7939760727063468 568.8675133266787

400012
4692.822198710895 0.0 1131.5397716107022
0.0 4691.380865169784 2066.170319276667
0.0 0.0 1.0
-0.23155151398618481 0.3133095234104512 -0.0004214334556980431 0.00021103019809782175 0.0
-0.5334784895905611 0.17281110693477975 -0.8279716314368203 2410.7016768042076
-0.32941877505042305 0.859159471150264 0.3915715436252709 -1143.1244314013654
0.7790275808907233 0.4816443962642717 -0.40141587382510524 4073.9030862181826

400013
4694.628074443674 0.0 1507.1601510737084
0.0 4693.105760368671 2056.10663128022
0.0 0.0 1.0
-0.23225782478080545 0.3154416765965305 -0.00047060443837367824 -0.00027860632643139584 0.0
0.9998651535156332 0.013563649018069196 0.009257548837235063 -2.082358816433224
-0.012392766657908318 0.9931064365851914 -0.11655910495377828 318.08222438301914
-0.010774698126713236 0.11642866072569028 0.9931406108109265 46.57197965422597

400015
4691.9908762485675 0.0 1147.4037352796684
0.0 4690.6582661345865 2026.5286509657503
0.0 0.0 1.0
-0.2328967699759556 0.31940669007022515 0.0007913235731252627 4.887043650098598e-05 0.0
0.13969971189047814 0.22621391359286036 -0.9640079127241226 2863.750361110182
-0.15081781340643724 0.967056791691505 0.2050735204813976 94.88272791505713
0.9786408828865769 0.1167408537759384 0.16921464299122124 2389.8899520791383

400016
4703.793490290289 0.0 1496.130727287734
0.0 4702.377791568925 2038.6357367589214
0.0 0.0 1.0
-0.23414434962790112 0.3184403059126478 -0.0010890942249539345 -0.0003586072868126147 0.0
0.16703792873830225 0.2017486858395427 -0.9650884923802767 2650.0170997493524
-0.326197389504387 0.9350254920660679 0.13900572746160805 -422.688602702327
0.930426565314717 0.2915901180572228 0.22199461616902727 2306.0600418804206

400018
4691.628293466967 0.0 1554.0510346892552
0.0 4690.316347928346 2094.1724225431813
0.0 0.0 1.0
-0.23489194401839925 0.303146407116873 -0.0008598765228491222 -7.347608099938618e-06 0.0
0.7548107347206917 0.13930345006199596 -0.640979955654804 1738.6175990616032
-0.2147418423302313 0.9758181005503287 -0.04080411487787265 103.8495510837132
0.6197956888386912 0.16844460050465715 0.7664722569394138 735.0328715355654

400019
4703.594257964982 0.0 1146.4216620135126
0.0 4702.108461044099 2036.1914398127092
0.0 0.0 1.0
-0.23057527349095994 0.3089287477496361 -0.00032415097094554395 0.00021793476059908497 0.0
0.21332688629613072 -0.18072063200081617 0.9601206657251076 -2559.7593762887777
0.3473089137632846 0.9325771612729976 0.0983684740786644 -259.35112839487454
-0.9131638177259136 0.3124738252097656 0.2617096684400708 2043.67979528917

400021
4696.3162379166515 0.0 1518.9194421648688
0.0 4695.028261432194 2008.2584690595195
0.0 0.0 1.0
-0.2310932867954494 0.3136663519179464 5.36135793612295e-05 0.0004459751955845822 0.0
0.1486811732716442 0.2031223044181854 -0.967799172433214 2598.4042223807423
-0.19053857374690153 0.9662225909473111 0.1735193264670013 225.7954117206735
0.9703550693581522 0.15860401694443693 0.18236174264363914 2358.399373569191

400025
4696.820341737639 0.0 1511.0003148630344
0.0 4695.303560701681 2076.473900501089
0.0 0.0 1.0
-0.226659804193974 0.30255975617324377 -0.0007635949348963504 -0.0007351102508642355 0.0
0.9946970927584914 0.0437072203945563 -0.09309872471299972 271.79803975159166
-0.032569395562075464 0.9924839562078687 0.11796114251183988 -652.322134849318
0.09755474427482387 -0.11430343632349475 0.9886444235993619 -42.911160510227404

400026
4696.133035545141 0.0 1497.5556715130592
0.0 4695.005882178697 2048.5829401326437
0.0 0.0 1.0
-0.23112744200478333 0.3125164237159535 -0.00048528754137315794 0.0005679575238855937 0.0
-0.897739792613321 -0.09447583474240194 0.43027616876643043 -1338.4279963493836
-0.01042780272974786 0.9810162255153424 0.19364510374874033 -571.3791339587336
-0.4404026858328873 0.16935608027277116 -0.8816824782118684 5200.208530312112

400028
4700.26268568927 0.0 1518.1783268957647
0.0 4699.269321898829 2065.343977868065
0.0 0.0 1.0
-0.23222754133082232 0.31108010616857956 -0.00013146185650238272 -0.0004839248104625425 0.0
0.05248532879684753 0.21663101698223564 -0.9748416757311564 2631.7289239845895
0.0006515766561360076 0.9761795224592571 0.2169633964038124 -635.3216104779289
0.9986214826995001 -0.012022579276469783 0.051093951487363065 2700.9739641344713

400029
4694.3565091603605 0.0 1511.4075963394264
0.0 4692.736811487397 2010.6918799952532
0.0 0.0 1.0
-0.23086473655395315 0.3113676705723193 -0.0003102767128928244 0.0003613468061633233 0.0
0.19344157097714965 -0.20491208201397998 0.9594745422691466 -2794.74938159954
0.295402346953705 0.9447299987686908 0.14220647960185384 -365.4052385626786
-0.9355842089476154 0.2559223868113251 0.24328156505715592 2087.231477552719

400030
4689.87892697936 0.0 1170.7766203221913
0.0 4688.69173888229 2065.8271668796306
0.0 0.0 1.0
-0.23249699123977607 0.3204796252068004 -0.00036897654955557257 -0.00019252182835279662 0.0
0.21986758871104828 0.20426253801219693 -0.9539051624764411 2762.851707037197
0.06110690768505486 0.9730289807197727 0.22244223635049676 -645.0815060900458
0.9736139837058421 -0.10719803283762197 0.20145568368299915 2259.994440185423

400031
4696.4937931455925 0.0 1514.594064812133
0.0 4695.619840853162 2049.7773104637863
0.0 0.0 1.0
-0.22851751407412765 0.3159589980055907 -0.0007936477675492082 -0.00033418309734625936 0.0
-0.96575139689528 -0.0630370877356904 0.2516953812937735 -868.6933376553048
-0.013499381346600368 0.980932838100005 0.19387762594051056 -565.5730747809862
-0.2591177456255635 0.18383985614352605 -0.9481882203418546 5404.451195366437

400034
4703.368037363904 0.0 1153.1500470719595
0.0 4701.7096452885 2011.1136678066644
0.0 0.0 1.0
-0.2306810301724131 0.3195882207689725 0.0004410890882315092 0.00040457944744414404 0.0
-0.6245033606602719 -0.16422784057578052 0.7635605862692514 -2109.225983795053
0.08195196938043753 0.9584669444479879 0.27317575133090705 -20.963998870117415
-0.7767106457611448 0.23317446854309273 -0.585107032927269 4357.00238737273

400035
4706.258560904492 0.0 1159.362639709036
0.0 4703.696303059303 2021.4186075818104
0.0 0.0 1.0
-0.23457396254605453 0.3268536190280772 0.00039292979665114916 0.0008782216253244991 0.0
-0.45780729291104794 -0.1764082860517413 0.8713739720520378 -2374.684862607222
0.09320199710756986 0.9651928810083824 0.24436875861267351 63.598655486658146
-0.8841526283920774 0.193087594275307 -0.425430735425117 3898.7625529446964

400036
4684.946562778343 0.0 1120.0031088912126
0.0 4684.1373564677815 2037.4146647127232
0.0 0.0 1.0
-0.2278139713109629 0.305375816757834 -0.0007148169019780147 -0.0006041782035934684 0.0
0.23962580567356295 0.2016123318264779 -0.9497009744707995 2806.3128549393045
0.0892723686158374 0.969480768974341 0.2283363369913744 -896.7306242826262
0.9667522523671791 -0.1394973341838855 0.21431419994618994 2175.3372711188154

400038
4684.190023143213 0.0 1150.3188505176163
0.0 4683.413089015895 1989.7364985734157
0.0 0.0 1.0
-0.22712559333851376 0.3039554924976651 -0.00013682145224318604 -0.00034766549315561236 0.0
-0.739048589159248 0.12660311876377625 -0.6616485722655274 1864.424618814596
0.060548316143208804 0.990689878126263 0.12193222211701137 -580.9456564663054
0.6709255430179624 0.0500521297993934 -0.7398335623831873 4829.936100406285

400039
4700.624024166615 0.0 1491.7235372171833
0.0 4699.75342504787 2002.9645042868465
0.0 0.0 1.0
-0.23260061972464463 0.3293173369957054 -0.0008094514179725291 1.4114694999671472e-05 0.0
0.2858299421856113 -0.1939676907847223 0.938444339895453 -2716.5821565420565
-0.035475398047010234 0.9764873200198544 0.2126358623888469 -593.2672027862668
-0.9576234856578949 -0.09406938275594667 0.2722282331874101 1916.7797387836417

400049
4686.626137711327 0.0 1478.569437321414
0.0 4685.294647754798 2014.875943208634
0.0 0.0 1.0
-0.23273901087214405 0.30818418629699296 5.20291177390825e-06 5.0600113227071026e-05 0.0
-0.5103624329463115 0.18061273782076298 -0.8407789400157513 2254.5154533612863
-0.2844176653288457 0.8872243893388327 0.3632347376163575 -1049.737340096167
0.8115644020569228 0.42451374759744087 -0.40143654469264 4055.659122916639

400051
4698.032789906879 0.0 1192.0232488853383
0.0 4696.421401146722 2020.1772127401348
0.0 0.0 1.0
-0.23394983743852032 0.31087684909724583 4.24966202715163e-06 5.598323271163159e-05 0.0
0.6569947063560089 -0.14696337205553237 0.7394320273657673 -1945.0653565610532
0.2680452167428277 0.9622635864460393 -0.04691004136958826 139.52763628270458
-0.70463445672311 0.22902086689660645 0.6715949113300775 907.7403558416383

400052
4690.552632915844 0.0 1150.3849006691635
0.0 4689.360714007222 2050.0506660402407
0.0 0.0 1.0
-0.23363995003404053 0.3213214901768284 -0.0003893937381405469 -3.907868173724003e-06 0.0
0.12429935378822776 0.21340476881926054 -0.9690242903524283 2825.0772536723844
-0.17384477104938803 0.9661760387346027 0.19047797183374596 -575.0723255759849
0.9768969578346608 0.14478351708778667 0.15719436043661272 2454.2251569382965

400053
4693.390363807161 0.0 1506.4634003709905
0.0 4692.669931949687 2081.46674258369
0.0 0.0 1.0
-0.23191797378150925 0.3100442596978093 -0.0006814315749415553 -0.0003639996848783579 0.0
0.251007800423545 0.1961782748513733 -0.9478972352543671 2558.696410082818
0.0019412935763744171 0.9791437997382247 0.20315917605031153 -603.0338571606671
0.9679831173660955 -0.05283468473011081 0.24539189184585064 2149.739950611381

400056
4688.778667665472 0.0 1192.677149802162
0.0 4687.291668322715 2034.4983123898867
0.0 0.0 1.0
-0.22812298611319068 0.308703646643706 -0.0013259613013942605 -0.0003414018246047557 0.0
0.22558690876315612 0.18711585937924147 -0.9560848297946429 2783.5927198998734
-0.13715263542513356 0.9777077175299638 0.15898670912465884 -730.9375505895782
0.9645204514112824 0.09526423385046669 0.2462214949151672 2144.3271287877715

400058
4685.86783074381 0.0 1157.117107618911
0.0 4684.4019051539635 2020.5546648502673
0.0 0.0 1.0
-0.23125507698624997 0.30754173347273783 -0.0007436875162249173 0.0006129424581732721 0.0
-0.11833881354127818 0.20614981048455192 -0.9713383451953425 2814.412844989011
-0.13851995260498348 0.9652197968411683 0.22172723449366105 -895.3867708256876
0.983264027583617 0.16078867939963049 -0.085667103586891 3091.2468186070887

400059
4698.435130119135 0.0 1181.4376925446202
0.0 4696.903149962326 2090.769037822866
0.0 0.0 1.0
-0.2301103426910613 0.31435215069409206 0.0005033180056481329 1.7903016709443858e-05 0.0
0.985274710391113 -0.017518961395839115 0.17007889656074177 -285.3451420529667
0.003350611951858114 0.9965241771605738 0.08323663696948133 466.5856279032644
-0.1709459518773594 -0.08144108500046066 0.9819087692910636 -15.426749287442938

400062
4694.828492795336 0.0 1163.7824806009407
0.0 4693.581375495566 2017.6694713065472
0.0 0.0 1.0
-0.23196982410891645 0.3083927210576362 0.00025230203672345315 0.0003362960837025149 0.0
-0.6649703383226488 0.14922100003779326 -0.7318111384085266 2069.6434954882675
-0.12218114459302498 0.9449032043783029 0.3036934346698221 -856.4021955126157
0.7368081277082936 0.2913606485154371 -0.6101006109156617 4588.684627643897

400064
4689.3633328700425 0.0 1169.923130576464
0.0 4687.457243673402 2048.337594331498
0.0 0.0 1.0
-0.2296608484720023 0.3053471206756588 -0.0003923231720030625 2.6898428240980402e-06 0.0
-0.9824121723614054 -0.05577348792209477 0.17820112693568538 -463.7389103951336
0.006051423445450139 0.9443381820123333 0.3289206260907409 -208.47663650185956
-0.18662717880959398 0.3242139972898226 -0.9273918158421104 5375.455607383295

400065
4705.239011336952 0.0 1163.266818877834
0.0 4703.7165783270875 2020.2210202610172
0.0 0.0 1.0
-0.23050015490367276 0.31749374834413857 -0.00033695782174836513 -0.0007178281202813423 0.0
-0.01535737975553042 0.2115557027466394 -0.9772452790995823 2838.738707811105
-0.1633476214223122 0.963699246683919 0.2111902377396266 -608.5473362895057
0.9864490384519202 0.1628740205687285 0.01975722554054582 2836.9566666800156

400066
4681.803355405069 0.0 1148.4870154607097
0.0 4680.275936332614 1986.023783664542
0.0 0.0 1.0
-0.2297600567882877 0.3018347483735877 -1.795004542149739e-05 0.00033980434479749397 0.0
-0.36672793754699895 0.19895646312958742 -0.9088052297392937 2606.966991606436
-0.14617425636543424 0.9524092864502895 0.26748764057291063 -748.756066633924
0.9187729352775569 0.23093911938477518 -0.32019278027345943 3794.9693661899423

400068
4702.130931559165 0.0 1154.1420160553275
0.0 4700.728022881219 2038.3668025207828
0.0 0.0 1.0
-0.22969630830817142 0.3065483926545881 -0.00019896150184020234 -3.264721509282633e-05 0.0
0.3429655405115284 -0.18409006594329794 0.9211327187993202 -2429.9787345680597
0.13364756620380983 0.9801956493743111 0.14613287445154435 -421.5578698038974
-0.9297918939576929 0.07298860574545021 0.3607765199703298 1709.8212763222818

400069
4687.524765940976 0.0 1525.029675096913
0.0 4685.921248814704 2055.225680638992
0.0 0.0 1.0
-0.2325361582174505 0.31234783949127237 0.00026438865986365287 0.00035865480376272464 0.0
0.7760931356464867 -0.1333023649077746 0.616368334936504 -1791.6484490980044
0.19892043277983337 0.9792518233410409 -0.03868498295114772 115.80085399935531
-0.5984230161224481 0.1526314056583418 0.7865071822823178 578.6063775613484

400070
4697.913150292962 0.0 1176.9717402068027
0.0 4696.9051552957035 2034.7357677188031
0.0 0.0 1.0
-0.22713400636538178 0.30728596481844134 -0.0007904561136410544 -0.0007441367461755327 0.0
0.9963853647010686 -0.002565843448690001 0.08490948979304493 -6.750358789511025
-0.013609329640244215 0.9818114804918165 0.18937001589800434 -807.7305263644321
-0.08385100569618444 -0.18984107359015873 0.9782276706482363 -44.14837457954302

400074
4694.795524676513 0.0 1193.4283188486309
0.0 4693.300549572438 2033.6456883218273
0.0 0.0 1.0
-0.23107089524019642 0.3130169407446193 -0.0007204130031174687 4.354325324525655e-05 0.0
-0.32151306834060756 -0.18686769283420163 0.9282832607889848 -2544.855388304997
0.13535770098044364 0.9611962862130822 0.24037469117082055 -670.1866771885115
-0.9371806867789672 0.20293389254878302 -0.28374318596840764 3528.4733248556454

400077
4690.472332613569 0.0 1178.6729871474156
0.0 4689.045979887885 2056.911353508003
0.0 0.0 1.0
-0.225651025254432 0.3001875534255857 0.00011684546033878384 -0.00040228062405174147 0.0
-0.12209112031380731 0.21280999128782577 -0.9694357461681486 2793.197790379815
0.09106964634757733 0.9750244795270947 0.20256747971242905 -835.3932943689341
0.9883319674353586 -0.06355448002299814 -0.13842236168466315 3162.655623409302

400078
4696.666110801753 0.0 1169.5497382885105
0.0 4695.417832020285 2016.611523173931
0.0 0.0 1.0
-0.23191440867817145 0.30736482435219487 -0.00019143549964994582 0.0003978473887913087 0.0
0.5528287749498856 0.17766412073619164 -0.8141350046463085 2432.1923407143286
-0.03908195278180278 0.9814599794518125 0.18764037332410305 -534.4922582716749
0.8323778868724048 -0.07191501190630328 0.5495227788803176 1298.8631322076405

400080
4700.761854153826 0.0 1150.2798540198694
0.0 4699.395661365649 2044.627872592428
0.0 0.0 1.0
-0.22998019219116436 0.30414438806327543 -0.00025711294251322273 -0.00048116793456546696 0.0
0.4690000586247062 0.17936895067693276 -0.8647923013898066 2576.642446482386
-0.1487582080522969 0.9812141176563548 0.1228407540229653 -377.9810607782618
0.8705802321136701 0.07103263225389565 0.4868720823871411 1507.274336896655

400081
4706.916318820897 0.0 1487.1227835694071
0.0 4705.397231406141 2031.7838601731557
0.0 0.0 1.0
-0.23139572744410017 0.31371979242617704 -0.00013358029783649134 -8.735382023021964e-05 0.0
0.9384828174628083 -0.06217319435662016 0.33968293338135674 -946.2765896071089
0.06170691082914815 0.9980199248503069 0.012185514257159665 -34.71289091385008
-0.3397679479924392 0.009524888728054426 0.9404610667176634 144.67750415267233

400082
4680.094242115394 0.0 1152.1006491604057
0.0 4679.467192711812 2009.9605152153522
0.0 0.0 1.0
-0.2301723367538231 0.3037100278236014 -0.000777983009283655 3.093533954440748e-06 0.0
0.12143478666171337 -0.19726755181875205 0.9727996225265819 -2646.7709486924464
-0.2161894819010471 0.9512682237387559 0.21988832261006783 -614.8232355673305
-0.9687702000494137 -0.23701113793311154 0.07286988398419891 2432.5682822790764

400124
4690.491373057019 0.0 1164.999585334594
0.0 4689.301230610572 2024.5561710566587
0.0 0.0 1.0
-0.22952331639214954 0.3026630195047351 -8.931832376595248e-05 -0.0001381869469486342 0.0
-0.4604001182925541 0.18624048223792466 -0.8679551911544672 2474.589538715915
-0.12201367004361585 0.9551887299892349 0.2696797256451441 -1028.142879219914
0.879286298880342 0.23006297589429248 -0.4170451195302163 4005.832201715536

400126
4706.114308016496 0.0 1186.306900750468
0.0 4704.696711546899 2007.8045291777848
0.0 0.0 1.0
-0.23447007631736758 0.322026076355865 -0.0004196352211501327 -0.0002328505739816093 0.0
0.2965721332905906 0.19471236789388793 -0.9349503000398597 2652.234189294137
-0.12459078777511515 0.9785163918791991 0.16426444053808398 -382.5082345800334
0.9468485123593132 0.0677699388583814 0.3144600611048832 2003.4664539860494

400128
4711.377569340069 0.0 1167.562367293203
0.0 4710.219353654597 2040.1974321692949
0.0 0.0 1.0
-0.22883171238467767 0.3094585563793287 -0.0011022083424477296 4.066182320395257e-05 0.0
-0.5426493687473162 -0.17198640626559228 0.8221632068257413 -2268.1495095927335
0.10158915333581273 0.9581895244932398 0.2674929514509339 -1007.0521980511397
-0.8337933236256169 0.2286777453344894 -0.502488987208757 4117.7665284329205

400129
4699.261055510022 0.0 1488.2768298858173
0.0 4697.611552629086 2044.1413380736503
0.0 0.0 1.0
-0.2309177186021036 0.3052984974857896 0.00012307026475543714 0.0005093671124576098 0.0
0.18332782530826075 -0.18906709324524246 0.9646991980506351 -2767.0856864489347
0.38131957282005774 0.9181734772892622 0.10748418017026157 -205.58295390468246
-0.9060829387269537 0.34815384509486513 0.24042173007777012 2131.7167678877245

400130
4697.686474359182 0.0 1473.399687245639
0.0 4696.18962982143 2075.5946658196376
0.0 0.0 1.0
-0.23165880572494163 0.30241131694298634 -0.0001613097593760518 3.5325371954626724e-05 0.0
-0.7835981810428876 0.13963230946878222 -0.6053731979685696 1525.3580491664427
-0.1352320528889733 0.9127157475063192 0.38556744692130696 -1134.696825423333
0.6063713239737781 0.3839958104021386 -0.6963196356960593 4832.339679831011

400131
4707.44623447326 0.0 1152.6724512754886
0.0 4706.408964839978 2050.7643089454355
0.0 0.0 1.0
-0.22735306806907582 0.30939847325908676 -0.0008954229845741315 -0.00010613348879128728 0.0
0.9132887385293808 -0.07714142652935461 0.39994109614845597 -933.1482522648994
-0.05093726682299576 0.9525624363261064 0.30005032869349685 -1121.3249010475213
-0.40411517532012486 -0.2944044925158051 0.8660351724165111 223.61628228261515

400132
4695.487699606933 0.0 1483.5122318494414
0.0 4693.718224593377 2014.0929644428763
0.0 0.0 1.0
-0.2290568068299446 0.30969172614300833 6.51810945378942e-05 0.0004489980247975178 0.0
0.5018890428406291 -0.16978567611103562 0.8481038927301512 -2413.0543754368514
0.15490831242700698 0.9823345792613823 0.10498661404378952 -251.47619633419777
-0.8509470038830469 0.078686711552087 0.5193241742953862 1283.2952961666

400133
4703.172299770176 0.0 1172.6868570543572
0.0 4701.669522551621 2026.814801384744
0.0 0.0 1.0
-0.23236390798433737 0.32083778018786335 8.447407124138304e-05 -0.0002645741038545515 0.0
-0.8055821486107422 0.11327897301634943 -0.5815541901766866 1628.228739733458
-0.10370151318089799 0.9394423748584678 0.32664050649647547 -934.9975911239112
0.5833381506499405 0.3234438105647458 -0.7450508059210892 4960.573430106243

400140
4708.3258097151465 0.0 1167.5641984480233
0.0 4707.175924112262 2054.604903003883
0.0 0.0 1.0
-0.2289321174602258 0.312656676876013 5.6683627360691655e-05 -0.000130852800210892 0.0
0.002302648222760051 -0.19167904547561004 0.9814549614407795 -2615.0727450659297
0.1512473568840556 0.9702335195521327 0.1891326375141757 -557.7715440829871
-0.9884932649475919 0.1480069628870226 0.0312250554877036 2635.112756267865

400142
4681.675456810355 0.0 1516.4227849682088
0.0 4680.167887096237 2053.916885096436
0.0 0.0 1.0
-0.2325658848635707 0.31838978909985205 0.0005222875313431227 -0.0006763932553158076 0.0
-0.20088996657722058 0.19965706411936157 -0.9590517598523246 2547.6623888344993
-0.19627456353451572 0.9509547271556158 0.2390845093470587 14.988704763376154
0.9597497158311322 0.2362671446638859 -0.15184966023813096 3306.974729675579

400143
4693.7253674917465 0.0 1497.1209795286638
0.0 4692.346199980448 2014.1082099822881
0.0 0.0 1.0
-0.23312422079086645 0.3179306948427947 -0.000586934624054357 -7.802191804760997e-05 0.0
1.0 0.0 0.0 0.0
0.0 1.0 0.0 0.0
0.0 0.0 1.0 0.0

400145
4716.731587664016 0.0 1209.8650802201741
0.0 4715.692718836944 2054.6161761616504
0.0 0.0 1.0
-0.2287371527621028 0.31751597077881405 -0.0004719603261353103 -0.0006578514396974399 0.0
-0.44174214765854103 -0.1838273163870713 0.8781067091942458 -2446.397659136124
0.12379495806264693 0.9569291749997287 0.2626049550039106 -711.6885548854196
-0.8885598929392928 0.22470886004843252 -0.3999590539985898 3866.525758587661

400146
4696.880811539419 0.0 1172.9527943398848
0.0 4695.328921504679 2041.8424447548146
0.0 0.0 1.0
-0.23215857857694092 0.312300263977961 -0.000821266661817827 -0.0008499372963763724 0.0
-0.9552228563331588 -0.08288893621044838 0.28403999541019276 -781.2252775673288
0.017681885515223372 0.9422534176274523 0.3344336225531345 -1217.061992881639
-0.29535850362457594 0.32448100286963816 -0.898596368295224 5262.054151687745

400147
4686.317609121586 0.0 1140.5829814711963
0.0 4684.926184146473 2038.2235322930817
0.0 0.0 1.0
-0.2309727479733058 0.3033064649542095 -0.0004381237805439589 -0.0004085385367675657 0.0
-0.7374486079416909 -0.13513360450977233 0.6617465221495761 -1797.1527927577292
0.10271803805637175 0.9459430457815671 0.30763738198623053 -869.1017455538957
-0.6675466690072783 0.2948400635424036 -0.6837037235730103 4673.889491323277

400148
4714.713017903268 0.0 1505.748154743155
0.0 4712.053655552355 2049.815333748572
0.0 0.0 1.0
-0.2327461422008274 0.30437074422313803 -1.505397761503486e-05 -0.0005110768641799626 0.0
-0.1600990185822062 -0.1845726587856419 0.9696913106127192 -2795.5675333433405
0.3619245310833943 0.9029723424117793 0.23162811280034556 -474.4660888140369
-0.9183566507893757 0.3880385064245344 -0.07776361284519306 3020.6822309364543

400151
4700.250468922919 0.0 1143.3949229663074
0.0 4698.732990092703 2041.5978276651208
0.0 0.0 1.0
-0.2306673490090535 0.3010736479629252 0.00013789087583692498 0.00010170008998907891 0.0
-0.2198384813743286 0.20085116134352876 -0.9546359793628068 2761.0303123496824
-0.16599329856217832 0.9566035362763383 0.23949091677149625 -702.4269561398162
0.961310182479868 0.21111249458655923 -0.17695832190084593 3395.11119683269

400155
4685.721854968337 0.0 1171.7078099743926
0.0 4684.277339225755 2014.2716792303047
0.0 0.0 1.0
-0.22885954332695493 0.2989013292997013 0.00020434120528848193 -8.089929239676315e-05 0.0
0.8750116553254044 0.1192042557517284 -0.469196066112422 1564.9289857589506
-0.07603666923991302 0.9910213831278348 0.10997746639331715 416.41580320214786
0.4780931164277476 -0.0605554588296519 0.8762191554801427 335.76144654800197

400156
2329.193572952944 0.0 1502.7283179387446
0.0 2328.7466859909077 2047.1272495133214
0.0 0.0 1.0
-0.019840884060461982 -0.024626138492797992 3.285705632907715e-05 0.0006780689197153924 0.0
0.11806771302720676 0.10050086515818757 -0.9879066713222364 2700.8742488967946
-0.9928966885749901 0.02667880634802844 -0.11595001987349479 289.7011723035777
0.01470309346173626 0.9945792162489122 0.10293688186629324 1418.06115049832

400157
4693.711496455005 0.0 1146.4305763997806
0.0 4692.935467781126 2031.7788731311969
0.0 0.0 1.0
-0.2308266485799058 0.3065082152847817 -5.890554517755719e-05 -0.0007888884306359054 0.0
-0.9559594535571476 -0.06645369797953646 0.28587659781724917 -781.8796918876923
-0.030097280767600865 0.9910910425849815 0.12974089177360637 -368.3992275247324
-0.29195149741886384 0.11542292377452144 -0.949442927101058 5387.025540765182

400158
4705.096287128154 0.0 1153.2851114804125
0.0 4703.475430708672 2073.537597638049
0.0 0.0 1.0
-0.23194375871607564 0.3176175577239747 -6.345409819960889e-05 0.0008368179827741024 0.0
0.34169734486167325 0.19452868357608857 -0.9194571853983399 2730.436928277541
-0.15096235913198733 0.9770003631682006 0.15060098437430308 218.86061390600986
0.9276062152873857 0.0873434693343367 0.36320493901495077 1849.5609738527908

400160
3007.248679315698 0.0 1473.144811122922
0.0 3007.3405692842384 2068.858812788284
0.0 0.0 1.0
-0.09273575144069754 0.10124773301350526 -0.00026193501844438245 -0.0004823732519496275 0.0
-0.8788644854838377 0.05839045174376148 -0.4734847107356147 1215.46751754432
-0.47672066388595047 -0.14554375320236534 0.8669223866805538 -2388.2181091006637
-0.01829275209934031 0.987627242966155 0.15574917069346994 1307.738746205647

400161
4713.322561740943 0.0 1172.733761422938
0.0 4711.363808545112 2076.883965804456
0.0 0.0 1.0
-0.23189142009279573 0.32505108704925306 -2.3308011642331136e-05 0.0005633886504758894 0.0
0.750152944116537 0.1431487657314945 -0.645584224793978 2005.9649694793834
-0.09296580272492999 0.9894215742674126 0.11136564954196751 391.6306218589564
0.6546968152946837 -0.023524014192833592 0.7555254468244297 693.7383711350373

400164
4712.4097245128405 0.0 1156.8351357212332
0.0 4711.650846787694 2078.196628802873
0.0 0.0 1.0
-0.22954793940183615 0.32519543444816185 -0.0007371636200094236 -0.000569158709560906 0.0
-0.5479922800522714 -0.17003507389867686 0.8190192516952114 -2246.4124261782626
-0.08625643554037546 0.985388945803462 0.14686201965181725 -708.9819093643357
-0.8320242113850903 0.009833571711906297 -0.5546521545404874 4193.306140210645

400165
4698.483314438256 0.0 1536.702226739302
0.0 4696.966329191248 2018.990887947104
0.0 0.0 1.0
-0.23254218581386715 0.31181449087193275 -0.00020496807367756677 -0.00014776778801933022 0.0
-0.15191044003807286 -0.20255015364688178 0.967417517654639 -2844.2890184519006
0.1901984771623047 0.9544933975145435 0.22971045554411296 -623.4458483736613
-0.9699215213060176 0.21889675502110167 -0.10647278125724169 3044.1838620932076

400166
4690.7384603255005 0.0 1163.5148846082936
0.0 4689.566819102395 2050.6660913472515
0.0 0.0 1.0
-0.2291527944569462 0.3104542719110331 -0.0004793881779693714 0.00024594120245616827 0.0
0.8652563394809336 -0.08795556952511431 0.4935537303856269 -1189.7739623246464
0.062474518003612436 0.9957325806663162 0.0679232095812208 -210.79005769870997
-0.4974217542370575 -0.02793645627331647 0.867058909661055 318.7423598803897

400167
4702.38601503886 0.0 1127.0418448241073
0.0 4701.296202603887 2039.703498955625
0.0 0.0 1.0
-0.23416899453085382 0.32641120874018303 -0.0008129806105963101 4.369023069002401e-05 0.0
0.20055480355932354 -0.1906051503422026 0.9609617304722949 -2532.432104230013
0.13569895092128897 0.9768405099715671 0.16543401342332892 -461.3408592630575
-0.9702389218579838 0.09722291263645061 0.2217749755277686 2100.241904014729

400168
4705.246826397148 0.0 1154.336846482638
0.0 4703.818522180602 2054.247775827104
0.0 0.0 1.0
-0.23329847657094743 0.30543430567347096 -0.0008324220339993401 1.6410128283857475e-05 0.0
0.999529881277324 0.01296882189528027 -0.027781758266659334 284.67747452418644
-0.011655297785703027 0.9988301234228711 0.04693121111348591 -160.57145212185804
0.02835789955665231 -0.04658534320685526 0.9985117101621965 -6.264237223118432

400169
4703.339811652271 0.0 1506.9035591255126
0.0 4701.668592733966 2067.139195100141
0.0 0.0 1.0
-0.22576736957159832 0.3173471415634832 0.0006976467886400667 -5.619325783798387e-05 0.0
0.7595329835465447 0.1367745709995729 -0.6359263822430763 1739.3942110988537
-0.13076228849394067 0.9897907931641486 0.056704582489539024 525.0067868035651
0.6371898232180986 0.0400861883367364 0.7696637101305479 670.5046656035875

400170
4698.588957496033 0.0 1501.8344544926085
0.0 4697.347451380432 2009.2381083307826
0.0 0.0 1.0
-0.23013577733754434 0.31091672711942914 -0.0006343167477851395 8.666382137663018e-06 0.0
0.49188624357454225 0.17897153865138216 -0.8520663775404372 2333.527727660806
-0.18662505316219047 0.9775714321081328 0.09759705250807417 -282.695979394835
0.850422843598604 0.11101028546405518 0.5142545124807884 1449.0654485921189

400172
4718.992597926048 0.0 1190.7745216822661
0.0 4717.569265558647 2015.7705812154234
0.0 0.0 1.0
-0.2334731739850372 0.3170563158307096 -0.00034626048055422855 -0.00017442942680777443 0.0
0.537412137762284 -0.1657379424388667 0.8268731030949688 -2183.1289423584058
0.1112841919634062 0.985860660166584 0.1252780401944365 -341.30731976216015
-0.8359449879057974 0.02469196573863642 0.5482574979178474 1190.9707820338863

400175
4712.924376718156 0.0 1488.855768137762
0.0 4711.38559568962 2023.951660091057
0.0 0.0 1.0
-0.2340961705027318 0.3158149130584891 -0.0008913854603996738 -2.8628465613558977e-05 0.0
-0.754509253818564 -0.12766831571196552 0.643751960824527 -1954.059115038217
0.137096469323357 0.9285949389830407 0.34484198902418 -957.3065434889405
-0.6418102087075457 0.34844259277297424 -0.6831305991832188 4699.979879380986

400176
4705.429691659681 0.0 1170.7752567230314
0.0 4704.085634814434 2039.9646483141346
0.0 0.0 1.0
-0.22952298289475226 0.3190710874673656 -0.0007240957432856893 0.00023070026091893413 0.0
-0.0981716542543587 -0.20575352823193335 0.9736671977226481 -2730.8382910206146
0.09253776363702612 0.9722668982778188 0.21478789727144224 -466.04357826084606
-0.990857753969772 0.11118706819293664 -0.07640907841767697 2938.0118268361066

400177
4702.314691481665 0.0 1192.5791356939628
0.0 4700.807098197096 2090.7513588303746
0.0 0.0 1.0
-0.22950331279492708 0.3162751794670044 -0.0007956082194345268 -0.00023652611159626533 0.0
0.9835947872301976 0.04955970578730609 -0.17345065608367738 665.5280568674029
-0.042802007180617954 0.9981797003129105 0.04248851685501023 -172.47491688663763
0.17524064230335612 -0.034367447468554 0.9839256048297571 39.386579424908405

400178
4699.653447784149 0.0 1452.0549701220411
0.0 4698.498039599854 2058.69285115194
0.0 0.0 1.0
-0.23339061242787412 0.3253212493601951 -0.0009473362160457011 0.0001384086304138132 0.0
-0.5205400318874367 0.18865754047959438 -0.8327342959328726 2197.9355523231743
-0.1919909336521199 0.9244475355869247 0.3294483803916007 -968.4793553620786
0.8319720888335221 0.331368505394601 -0.4449914123154901 4149.279462956532

400179
4706.734705345805 0.0 1136.7484235766203
0.0 4705.592147157725 2051.732474285459
0.0 0.0 1.0
-0.2312977671820561 0.32725103654310655 -0.000619729765440875 0.00034187296103443363 0.0
-0.8580648291943931 -0.10294458609253043 0.5031174426451891 -1367.007310444699
0.08126287998250226 0.9401397028153912 0.33095873387348057 -947.4097429894364
-0.5070710928820011 0.3248688218103201 -0.7983352399706705 5008.060399806698

400181
4692.84712201849 0.0 1133.0140154410856
0.0 4691.719385655963 2040.6861278084943
0.0 0.0 1.0
-0.22699949625015964 0.29791208680570685 -0.00041772856001222797 7.10808499644533e-05 0.0
0.4336170107588341 -0.18902898562443096 0.8810472919057026 -2305.5703018818763
-0.10109424742854453 0.961371491662717 0.25601720284984514 -1000.1452837484585
-0.8954084214018929 -0.2000822271267521 0.3977572893996657 1498.40039838179

400182
4692.268036273475 0.0 1505.0321050932055
0.0 4690.941343817743 2039.201722752311
0.0 0.0 1.0
-0.23017499955251783 0.31160455515475743 -3.0844614040389144e-05 0.0004779595313717494 0.0
-0.19511509230922175 0.20966588049168297 -0.9581076762612912 2562.8364039857283
-0.22050313784146827 0.9424966196485325 0.251154311436527 -738.3646189035549
0.9556717359821993 0.2602697456654093 -0.1376633303971424 3291.1319016173275

400183
4700.555710944918 0.0 1173.9868598580047
0.0 4699.3665403212635 2049.513675174662
0.0 0.0 1.0
-0.2249788999669661 0.30133941256033103 -0.000220702043608207 -0.00031397588465420355 0.0
0.9613653838163202 0.07151538326730847 -0.26582352934950904 937.0674857583568
0.01390311760742756 0.9518168248110708 0.30635181626255376 -1126.7852508127028
0.27492417522017476 -0.29821180721544455 0.9140494603230206 146.48371445129996

400184
4711.777945282547 0.0 1511.17164621352
0.0 4710.2379228960235 2017.074686001036
0.0 0.0 1.0
-0.23129891406088499 0.3141848414552815 -0.00035907431881215194 -0.00029029712052018467 0.0
0.7698250386594664 -0.12031450952723984 0.6268124349836808 -1779.599153966202
0.11508413304898134 0.9921417038723364 0.04909665729621045 -116.94141823745012
-0.6277937974950976 0.03434032956331208 0.777621816561346 568.7185105843377

400185
4694.421503391154 0.0 1496.1462203155966
0.0 4692.799738371556 2052.14840975289
0.0 0.0 1.0
-0.2311104235770023 0.2997694367361378 3.18587116636494e-05 0.0002824336462615319 0.0
-0.9338541713541701 -0.07135382177632557 0.3504640049453418 -1123.3685214823615
0.07006833249671574 0.9244081139714871 0.3749134134767757 -352.64424173121324
-0.3507232747131931 0.37467088349855854 -0.8582627299567793 5187.782701917027

400186
4709.237278990837 0.0 1150.9527920735472
0.0 4708.087566362443 2036.2051511066272
0.0 0.0 1.0
-0.2260662645735853 0.30948211325957126 -0.00019540516462865834 -0.00010516037667363471 0.0
-0.23462638727536578 -0.19901223025792095 0.9514959750844344 -2584.4660467303593
-0.11008798315177501 0.9779618303081212 0.17740150626746115 -780.5987375612274
-0.9658318147377859 -0.06312519836133437 -0.25136450619003003 3325.6286968381573

400187
4708.962611644504 0.0 1158.9553158172732
0.0 4707.788100343333 2047.6874766942112
0.0 0.0 1.0
-0.231519852058586 0.3278706461920079 -0.000690518429111608 -5.215103572462294e-05 0.0
0.7394851482266558 0.14563934784282284 -0.6572297131993641 2005.0681261853542
-0.11666314166524049 0.9892693426295872 0.0879538464765494 -274.51282857429925
0.6629867471744795 0.011633919938767126 0.748540730339947 755.2875528731317

400188
4706.098424824734 0.0 1132.09757787272
0.0 4705.114818357483 2030.84556677073
0.0 0.0 1.0
-0.22526953212341108 0.3052440149280068 -0.0003453865719339893 -0.0003605716533468621 0.0
0.7165478278179609 -0.1344532608764982 0.6844571068292289 -1738.9604682146644
-0.08860837688636339 0.955752785802868 0.2805087663079736 -1056.489178640902
-0.6918871049491573 -0.2616465804663487 0.6729288973846645 740.4834720426303

400189
4696.879859172025 0.0 1184.7175214635738
0.0 4695.330152043231 2056.131241383611
0.0 0.0 1.0
-0.23106163609601474 0.2998033323993403 -0.0001113639395729273 -0.00039532399504704964 0.0
0.9976685103148981 -0.006659811208284424 0.06792047144066415 -2.0986156988348608
0.0014522126208870133 0.9970735162654212 0.07643490197947911 -489.37766056010105
-0.06823074530265519 -0.07615805982808946 0.9947585211088494 -45.46705199027575

400190
4700.228978134546 0.0 1173.405759413912
0.0 4699.086834180671 2028.9986145479277
0.0 0.0 1.0
-0.23344629240228615 0.3178064922130555 -0.0006846702888934937 0.00023225122719226348 0.0
0.7891456258237948 -0.1049435685660762 0.6051743787205376 -1522.721915183918
0.06839526886877059 0.994181808441241 0.08321429541173886 -224.1968254213296
-0.610386163374908 -0.024277132885100444 0.7917318689931202 521.2268614084587

400191
4694.789119513229 0.0 1131.2902658290307
0.0 4693.274222136098 1978.9553836576215
0.0 0.0 1.0
-0.040291669226003676 0.014646507485795868 -0.0005210041037318015 -0.0007218848047247056 0.0
-0.7974536501964502 -0.1123336621367077 0.5928311936287721 -1651.0185559579086
-0.04406739351697489 0.990735958886256 0.12845358927780445 -686.1202625042255
-0.6017688431756655 0.07631125815164366 -0.7950162584893063 4879.385796963101

400192
4689.87011383264 0.0 1500.155013267534
0.0 4688.310122128658 2026.3664380225082
0.0 0.0 1.0
-0.23009376548014498 0.30951619166705013 -0.00015847541857480935 -0.00015390648921993994 0.0
0.7611339061495879 0.13788999044999795 -0.6337677235732109 1748.0107323429063
-0.14740398108209085 0.9883457840389213 0.03800891387083729 -137.6530835218256
0.6316227064241919 0.06449001245301172 0.7725890207757223 696.0558706423528

400194
4704.4603049765565 0.0 1155.0955519953945
0.0 4703.033217760066 2066.009979130451
0.0 0.0 1.0
-0.23259795282326867 0.3254040152742803 -0.000994336580044109 0.000398000515245729 0.0
-0.9209190747510989 -0.07625534134366652 0.38222137652954674 -1041.5159822966957
0.06622542149735797 0.9357982656345349 0.346259728502888 -998.9250321230452
-0.3840862550353474 0.3441899605624158 -0.8567444308199297 5189.190694391305

400196
4701.543188537088 0.0 1501.5639710220632
0.0 4699.949831735385 2031.5602788396122
0.0 0.0 1.0
-0.23277605954778505 0.3075734568634079 0.00014242695486675256 -0.00011951707995640668 0.0
0.9376340255314042 0.10209752140287177 -0.33229283815508903 928.2452047664905
-0.10289689319613395 0.9945752766801031 0.015239697742400377 -60.896526693595334
0.3320461768133425 0.019902641535395695 0.9430531381229565 191.92997531658602

400197
4717.168746974751 0.0 1180.5827419762218
0.0 4716.697977308638 2000.932576702821
0.0 0.0 1.0
-0.22721870442971445 0.31006453985375326 -0.0007005065179441282 -0.0004383313099768278 0.0
0.8040187554198067 0.12930906033247735 -0.580373162585174 1788.5518196217931
0.05805101405066613 0.954333320491788 0.29304947221724814 -1063.8902239661147
0.5917633992575702 -0.26930852254440457 0.7597953665192199 606.0809016351116

400199
4703.412366628422 0.0 1513.163967446204
0.0 4701.917041821589 2031.984765207546
0.0 0.0 1.0
-0.23165656816026123 0.3206166945579871 0.000400193428257604 -0.0005789046889959654 0.0
-0.7900074003608561 0.1390283122809762 -0.5971259798060927 1495.8528269726382
-0.10626780398415633 0.928156849493839 0.356695972186477 -285.4940276440515
0.6038174071782526 0.3452477242821079 -0.7184765463580274 4871.027680279255

400200
4697.6709427827045 0.0 1496.0063095002952
0.0 4695.70514576328 2051.7255665557836
0.0 0.0 1.0
-0.23990610546687835 0.3203525881317837 0.00035357856822340226 -0.00036244722130581 0.0
-0.5252246185328506 0.17278348342414024 -0.833237641938266 2175.6235681157827
-0.17325824483818747 0.936946519722237 0.3035009057251371 -164.3578193977964
0.8331390524291925 0.3037714388091938 -0.46217121533169925 4175.79159980174

400202
4698.558479899012 0.0 1518.7427573785649
0.0 4697.048268364406 2053.310920014849
0.0 0.0 1.0
-0.23257813158329393 0.32878231253291895 -0.00017275513253261427 -0.00015811123037625394 0.0
0.9999963997823188 -0.0025657710990598967 0.0007856469105452685 -8.901980556807214
0.0026083143959949946 0.9981924562228335 -0.060041794075779205 645.8878690428454
-0.0006301733193857223 0.06004362712639751 0.9981955548503979 19.56976225952275

400204
4701.846089071886 0.0 1174.288907019592
0.0 4700.80905278427 2034.3495938813242
0.0 0.0 1.0
-0.2332479376633315 0.32299288641952306 -0.0007235672086071369 -0.000273436226529373 0.0
0.9560005442794433 0.06850664416846065 -0.2852539202924023 941.8233813356081
-0.019580204599098466 0.9850839427930822 0.17095684028167177 -493.62805105954703
0.29271073592416413 -0.15784950223555191 0.9430821595803426 136.24597199591372

400205
4695.302046326672 0.0 1464.1095770957572
0.0 4693.822794534785 2048.547222680552
0.0 0.0 1.0
-0.23407043117971324 0.32904076804100274 0.00038613732842938047 0.00012912942514493796 0.0
-0.4944955381032248 -0.18077034910745618 0.8501742431287669 -2485.1639597813582
0.23573945711825658 0.913576919846618 0.33136704706587183 -479.8044077853726
-0.8366009031513131 0.3642791407796149 -0.4091450066165707 3939.194020736859

400206
4711.306814716378 0.0 1506.962104569635
0.0 4709.711721812698 2040.9094063593252
0.0 0.0 1.0
-0.23259092954861815 0.32922051748894743 -0.0002740499974548515 0.0005869506470764792 0.0
0.9388267639316306 0.08203930178351637 -0.3344755002814637 933.4406070502483
-0.09957559703260449 0.9943932094025307 -0.0355927741224947 593.7524920670912
0.32968015985385396 0.066721046582077 0.9417320713141979 199.10444084197525

400207
4714.697559471627 0.0 1508.0547259632415
0.0 4713.068013343061 2032.5561102070228
0.0 0.0 1.0
-0.2308254403588738 0.31689155851947076 -0.0008937291542979183 -0.0004984651637253638 0.0
-0.4920625561624401 -0.17199347858417494 0.8534006586284077 -2497.4846900079438
0.18033758105953854 0.9388877194206217 0.29320335465123587 -822.1372724740647
-0.8516764630306979 0.2981746026167537 -0.4309746032817492 3970.480406770768

400208
4709.518426719349 0.0 1176.299277038314
0.0 4708.130680493107 2048.0398882885565
0.0 0.0 1.0
-0.22772888462453972 0.320632031872207 -0.000695141433646042 -0.00010032426110908399 0.0
0.7214534387639003 -0.12954786341697974 0.6802369342955723 -1740.1780084771929
0.07775992934800212 0.9912873642778186 0.10631441487836504 -569.97536124459
-0.6880830829802 -0.023805724253443183 0.7252413104679243 660.4435913583816

400209
4689.87954515449 0.0 1476.6942672350183
0.0 4688.423613682286 2014.3242204104035
0.0 0.0 1.0
-0.23139614706751713 0.3093528873614764 -7.578752412752525e-05 -0.0004124997600580483 0.0
-0.9317149601853689 -0.07475496066625832 0.3554137431537545 -1164.329594511046
0.074426792308648 0.9185209373889949 0.38830392756793947 -1076.8349958991905
-0.355482609354413 0.3882408832591287 -0.8502359266772663 5196.722949689527

400210
4712.495545614207 0.0 1136.7991819070648
0.0 4711.147618993296 2023.3587055764742
0.0 0.0 1.0
-0.2291066828923515 0.3199488389813197 0.00013318468685250923 -0.0001401330749020431 0.0
0.9836600556892906 -0.029228889150357238 0.17764731036629236 -281.18611993680116
0.01893639699165658 0.998057021939339 0.05935986713725139 -166.81992015420187
-0.17903716851624987 -0.055025930220341454 0.9823023156305141 28.294582924665015

400211
4712.31461448121 0.0 1202.7949190176857
0.0 4711.071186743445 2020.073910060349
0.0 0.0 1.0
-0.22857213070909094 0.32072513847148354 -0.00039827090951871733 -0.00032300348674943317 0.0
-0.6183462288038966 -0.15907127925399087 0.7696390514003942 -2142.0460739143978
0.11251349695481952 0.9512961750628548 0.2870127180348985 -798.6859666259517
-0.7778101659961753 0.2640680128816839 -0.5703327364317443 4358.584964981524

400216
4690.5193414666155 0.0 1480.4630139238443
0.0 4688.396832938897 2044.8650850271092
0.0 0.0 1.0
-0.2307941380674349 0.2991097513564537 -0.0002519441438516461 -0.00020707606361948053 0.0
0.49077258208890495 0.18353367995362957 -0.8517380236859619 2334.7424401887
-0.17438915243689257 0.9784729025329398 0.11035942425142595 376.0021084945766
0.853657247484101 0.09437249245115154 0.5122139557708536 1417.821169655599

400218
4702.950043778492 0.0 1151.2703955122852
0.0 4701.520157683855 2020.12985850827
0.0 0.0 1.0
-0.22906385866381285 0.3192358526329985 -0.0009042263416092132 -0.00027643687005768006 0.0
0.9118504932091157 -0.07325769876273064 0.403933147446804 -934.7747487322642
0.03866523491845825 0.9949008395599191 0.09315212854072892 -510.09001567556066
-0.40869753809264975 -0.0693226443159597 0.9100333473791222 158.6374748223407

400219
4699.554380482372 0.0 1171.385802618283
0.0 4698.335039637333 2025.3999395452481
0.0 0.0 1.0
-0.23322533227715186 0.32039750278331525 -0.000823712018147808 -6.981603469293186e-05 0.0
0.9261399338603302 0.10399966485160601 -0.36255881263587664 1205.267261406346
-0.08297612606729161 0.9938646294463016 0.07313043715465163 -220.05552074157225
0.3679399209273818 -0.03764529248550405 0.9290872114832024 218.85701736179047

400220
4700.5965950839 0.0 1202.1040614768212
0.0 4698.724396617895 2040.46743577553
0.0 0.0 1.0
-0.22583423366286023 0.2979318067140906 -0.00031856745201233627 -0.0008002496075241998 0.0
0.12046211641207627 -0.18983421161517197 0.9743981992029593 -2640.298788836728
0.11570356862039585 0.9775410670672658 0.17614240376892965 -745.5480332120488
-0.9859521097487591 0.09152286215715388 0.13972116154875702 2292.294887728524

400221
4699.226916729678 0.0 1489.5237104531673
0.0 4697.868610746042 2043.3945221176518
0.0 0.0 1.0
-0.22940002090228376 0.3073376154390471 5.517887195576869e-05 -0.000551449323630027 0.0
0.15389161640439453 0.22627517249581985 -0.9618299832675365 2610.7577068294263
-0.22930559443169074 0.9550287967348512 0.187986546777984 -565.879885311933
0.9611120198825793 0.19162344250944136 0.19885708817655756 2343.933671191325

400222
4699.5819539861795 0.0 1197.5129736004676
0.0 4698.058589187701 2031.6146720071883
0.0 0.0 1.0
-0.2294408494133449 0.3090561971327824 -0.00015765223154893979 1.9309962182876164e-05 0.0
0.8566445827398582 0.12723382876525816 -0.4999716108742447 1556.3810055375207
-0.1001397041444313 0.9916880561918264 0.08078885356497367 -243.5454032536093
0.5060949500996033 -0.019140324558636793 0.8622653590742644 421.02632325705946

400224
4712.8023741374445 0.0 1479.6684923108455
0.0 4711.3335986144275 2046.7911372989734
0.0 0.0 1.0
-0.23034458846983122 0.31921420925546756 0.0001631091103354549 9.789742660901946e-05 0.0
-0.7571934493095491 -0.1400328720701197 0.6380038205704582 -1925.7496812916024
0.16435175023650386 0.9044811872366222 0.39357627485562224 -611.4300443443698
-0.6321760692377606 0.4028704216926628 -0.6618525823839256 4660.363473519026

400225
4702.753623631861 0.0 1181.6836518729076
0.0 4701.725594705376 2041.3872079621008
0.0 0.0 1.0
-0.23478412862837933 0.33070921401104747 -0.000539280113403717 0.0001436212666139699 0.0
-0.9793727858823342 -0.06438109905609438 0.19153072953812142 -537.6278739262924
0.008511285523464304 0.9338967653172707 0.3574414493993059 -1013.1786853814552
-0.2018824021350393 0.3516986008136339 -0.9140851108588952 5369.28314423709

400226
4709.920705970685 0.0 1508.9116881056448
0.0 4708.713127417087 2061.361987283223
0.0 0.0 1.0
-0.23198505949126738 0.31476401206440247 -0.0006762542339900034 0.00038585416021378157 0.0
0.17666240635926478 -0.19492505560887702 0.9647769777908416 -2755.727003750405
0.17811255069249649 0.9703426844643407 0.16343498399164685 -405.35606613878065
-0.9680218558819665 0.14296607080847262 0.206141672478953 2154.0245813707297

400228
4701.01676099203 0.0 1518.868905073747
0.0 4699.275355668238 2016.0214779947978
0.0 0.0 1.0
-0.23258335902838376 0.31427151547638793 0.0003127210381250372 -0.00036109581167024845 0.0
0.7651118293906605 -0.13122366434711552 0.6303841990737019 -1783.8093436072631
0.22017502428597352 0.9733175492307169 -0.06462125842307626 416.0844819752626
-0.6050841653911859 0.18823734559015276 0.7735889441544685 635.6685853634452

400229
4699.275408907213 0.0 1184.3435843480265
0.0 4697.783089677599 2055.219257543195
0.0 0.0 1.0
-0.22676203392225067 0.3037068845606966 2.3007742633676813e-06 -0.00019527494687865548 0.0
-0.7425851896906397 0.13859516392655497 -0.6552546196619206 1830.9306183448616
-0.09773316084511595 0.9454583105850565 0.31073592038397113 -1167.3761138971954
0.6625824215320985 0.29478799751995044 -0.6885379954620066 4752.145318587666

400230
4710.094814199621 0.0 1150.761954988578
0.0 4708.712776839479 2046.6684549905417
0.0 0.0 1.0
-0.22534899273627965 0.3011734374963224 -0.0001386816355859622 5.8723027699726546e-05 0.0
0.542067937170934 0.18312096846620946 -0.8201396603013698 2408.587034192818
0.07624935463099912 0.9612236974275037 0.26501894162899925 -1001.2739768406024
0.8368682019348117 -0.2061933908053221 0.507085691159393 1339.3888741175413

400231
4699.091447683352 0.0 1179.3337948209823
0.0 4697.596318366348 2029.1747455278587
0.0 0.0 1.0
-0.23179312668698807 0.3097590858487717 -0.001253348002084862 -0.00022103483132570096 0.0
0.4473633981148525 -0.16838283978791113 0.8783582465555216 -2337.3302697163117
0.097308900978411 0.9854502320509296 0.13935141887021707 -639.966204826503
-0.8890427255298284 0.023131351359735486 0.4572395135667593 1399.390295180456

400232
4725.653556407889 0.0 1179.7306828140565
0.0 4724.40148669884 2047.8358423613427
0.0 0.0 1.0
-0.23003994742734213 0.32789936547156456 -0.00045273354044776047 0.00018274007646549578 0.0
0.9976417529730166 -0.008089997123049614 0.06815779244866639 -1.5896415381065712
-0.013273464114850666 0.9515426199164095 0.30723030064270546 -1128.8405730024695
-0.06734053664263605 -0.30741046571183045 0.9491912650754416 15.598740601420834

400233
4713.313464587001 0.0 1167.3271554201147
0.0 4711.458839877543 2057.7774346061974
0.0 0.0 1.0
-0.2290904485720565 0.31917211154120523 -0.0009744007845758563 -0.00015098166208246086 0.0
-0.23063757592546574 -0.20766455736791464 0.9506217650487564 -2586.8202142029786
0.12272536191472652 0.9629509457836083 0.24013321627245487 -948.5760662050014
-0.9652692858027362 0.1720491430598894 -0.19660696391082721 3243.081892011617

400234
4703.380435698781 0.0 1476.3719794999563
0.0 4702.159586078959 2053.431050222623
0.0 0.0 1.0
-0.2314319194550569 0.3216630324572376 -0.00014910077607792536 0.00044488904648816544 0.0
0.9380731533339736 -0.060540391138500946 0.34110646436978104 -940.5270613470075
0.10063283641539846 0.9897755073935725 -0.10108153737843452 590.9987319411499
-0.33149930803705613 0.12914838754159308 0.9345741825913871 203.20281440966684

400235
4694.3629361864505 0.0 1458.50305553263
0.0 4692.71736038091 2060.1491943569354
0.0 0.0 1.0
-0.23084362528078373 0.31578639369724015 -0.0005372960795151842 3.599351146723843e-06 0.0
-0.9353119890453434 -0.08003271234293541 0.34465380906509185 -1109.0581556778045
0.10866950874290787 0.8620264498006744 0.4950771027967465 -1411.9298831164865
-0.33672306279436653 0.5005049098651063 -0.7975665578390954 5072.569588797013

400236
4697.697078875386 0.0 1182.3345625657341
0.0 4696.286444442414 2024.6386988427157
0.0 0.0 1.0
-0.22954642074167977 0.3089210032203365 -0.0007036455817270691 -0.0006828700683864197 0.0
-0.7930974662310302 -0.1170686746865497 0.597738516798989 -1669.9391937458608
0.08181425925251713 0.9519872598784804 0.29500285424386075 -1085.451042530058
-0.6035750459063747 0.28286955021033533 -0.7454407967926899 4811.00923221565

400239
4699.219299897803 0.0 1144.1460147776077
0.0 4697.64014223787 2029.408060764973
0.0 0.0 1.0
-0.2278246608285809 0.2974578324785735 0.00040055020168251813 -0.00015755599304844735 0.0
0.643057040624406 -0.1452216375842795 0.7519230801622737 -1927.0890582720383
0.10151368668201118 0.9893555872041045 0.10426165874494807 -289.38689587815253
-0.7590603493264599 0.009284290245447802 0.6509540598498721 904.0345131765267

400240
4691.408329405113 0.0 1486.0594871174133
0.0 4689.609770117295 2041.8059661298976
0.0 0.0 1.0
-0.23326788410238194 0.3178727367905625 -0.0004524986714880807 -0.0002382738940308315 0.0
0.5020582547913588 -0.17151081165610205 0.8476565048891679 -2410.493439496925
0.36262348414313583 0.9315648437947772 -0.026289742362852808 66.88794734340806
-0.7851380245178218 0.32057913732911153 0.5298936677915436 1316.9652071422206

400332
4703.1437014680305 0.0 1511.6416788781492
0.0 4701.367087357387 2062.8795141302594
0.0 0.0 1.0
-0.23219386711917006 0.31728187369204547 9.762990621950494e-05 -0.00036296011781869014 0.0
-0.481862303641156 -0.1833365788250221 0.8568526239642235 -2545.0424371400554
0.287186630245239 0.8908116267627049 0.3521057867073015 -1028.505657617607
-0.8278481501688718 0.4157431232012381 -0.3765967283087539 3848.2801449124404

400344
4698.2375907171445 0.0 1165.4322582012107
0.0 4696.769244182113 2004.2108186222747
0.0 0.0 1.0
-0.23157062886301716 0.32501313128821 -0.0003087798453674271 0.0003327176873737835 0.0
-0.357336168078056 0.19186790388399685 -0.9140555620105668 2638.7775865682825
-0.3582814922501568 0.8756388948330145 0.323868643382804 -937.3851589624593
0.862522599874515 0.4432191707437511 -0.24415472838126528 3638.984960790001

400402
4704.175138455228 0.0 1503.3740696020038
0.0 4703.170039746751 2037.2421560058274
0.0 0.0 1.0
-0.2298402137268375 0.2982877152520933 -0.00016566039414090357 4.652500894774006e-05 0.0
0.45960441347800196 -0.16706292372164777 0.8722693177162183 -2492.132653653511
-0.0793387375764408 -0.9859448902578114 -0.1470307386034969 664.3931888289476
0.884572861799026 -0.001628770115170472 -0.4663991844724793 4084.5243391766853

400414
4679.704851630946 0.0 1168.7534413994865
0.0 4677.84373956009 2004.9383794861828
0.0 0.0 1.0
-0.23031378620539036 0.3037603606901719 0.00042827908905093 5.120397039814048e-05 0.0
-0.9223450258203585 -0.07401099052457505 0.3792123766783112 -1016.062330438936
0.04852855045441635 0.9515175364591253 0.30374225521245846 -116.76141125836017
-0.38330749162419886 0.29855778518124154 -0.8740358206460628 5200.239389747262

400870
9772.786513605139 0.0 1084.865334573694
0.0 9769.378921081528 2126.9365236439103
0.0 0.0 1.0
-0.06571561813233533 0.1060548944856767 0.0012325849683440119 -0.002376988775863544 0.0
0.6249610785322913 0.1650689585510281 -0.7630045145624201 2260.2219074559944
-0.012893994564275743 0.9794383531979812 0.20133121265467746 -1121.0640015514236
0.7805494188223651 -0.11598599573959566 0.6142392478247893 1032.3674293213587

400872
10086.776902151545 0.0 1408.7276175105123
0.0 10083.614950837677 2109.0304734756073
0.0 0.0 1.0
-0.06778505234302648 0.29375639966820283 0.0026840321952525453 -0.0004918974174654253 0.0
0.9130593138056623 0.09931482705783704 -0.39554930741843675 1202.5634341465152
-0.1050144662243998 0.9944440658494408 0.007277484485558591 264.215622458364
0.3940744236262199 0.034893624393362674 0.9184159099342506 305.27289179951276

400873
9486.99786202286 0.0 1187.0068302668478
0.0 9481.033324791104 2020.2121877839927
0.0 0.0 1.0
-0.07031318701846263 0.2138542883066204 6.640821519840102e-05 -0.0009381777508450111 0.0
-0.678041479002135 0.15443166795776042 -0.7186171530685732 1981.5589031923284
0.00029692827218809337 0.9777364354548411 0.20983654261749185 -1108.3071717882922
0.7350235809728816 0.14206450195543335 -0.6629917138984138 4627.91641000941

400874
10043.485588406984 0.0 1648.9627014693865
0.0 10039.543208483976 2060.3610068500197
0.0 0.0 1.0
-0.06384134310168506 0.2639029758239777 -0.0009066175249154322 0.0032197197100081636 0.0
-0.8174413927341695 -0.11686130938231179 0.5640328038459047 -1728.7424817530962
0.12402524194931017 0.9205267982304006 0.3704701784207499 -730.1454760885988
-0.5625009411585339 0.3727919635790702 -0.7379829558239301 4906.125931482533

400875
10069.159580711565 0.0 1531.9236462995682
0.0 10064.776409056722 1975.029943020959
0.0 0.0 1.0
-0.07755653762091831 0.4280289372099166 -0.0005479062806545472 -0.0023602866974579925 0.0
-0.770171553711682 0.1176419692974681 -0.6268940460023117 1639.0559950664895
-0.042256728320657286 0.9712739095251748 0.23418232552290685 -1156.6876079771962
0.6364355008678956 0.20685105688754923 -0.7430763712429134 4868.645610074295

400876
10450.525434763069 0.0 1206.8012919311072
0.0 10447.949485473633 1991.2047542718722
0.0 0.0 1.0
-0.037460656064128066 -0.024557270436255187 -0.0022263425954093643 0.0007884809361471824 0.0
-0.13911408003310322 0.201606204048699 -0.9695371118351367 2753.4488873819278
-0.029976183341890325 0.9777511377041159 0.2076153682908865 -210.01530581806173
0.9898225604464658 0.05794524318165739 -0.1299755654876018 3269.0269992215813

400877
10142.804113008764 0.0 1139.2147016300062
0.0 10139.899442447686 2142.8808370540537
0.0 0.0 1.0
-0.06040447608227335 0.33157222477912957 -0.000691120339722507 -0.001680012792176131 0.0
-0.1303038476800329 0.18808770846522876 -0.9734700412463028 2776.7221162588016
-0.17982083175003827 0.9610744542845228 0.209762632016361 -330.8225766610869
0.9750309614307145 0.2023830705518768 -0.09140961112208501 3204.3919037528594

400878
9933.042385894189 0.0 880.9426240779443
0.0 9925.883844029942 2116.6388619728955
0.0 0.0 1.0
-0.06755966855552917 0.20182593082462955 0.0009762519121708207 -0.0064199494004884795 0.0
0.5563608023326501 0.1817685191609291 -0.810816170947406 2444.402070036221
-0.12779260651346916 0.9828893445640245 0.13265589343484063 -16.270023654199832
0.821055240132029 0.02981177258307708 0.5700697771915219 1327.5354215512948

400879
10266.448862752328 0.0 1328.0516599319103
0.0 10262.81091655158 2020.1600072010476
0.0 0.0 1.0
-0.03572979785690512 -0.054631337587322144 -0.0020190873292262714 0.00265804528128783 0.0
0.8900526328848162 -0.08445733162323171 0.44796570162222266 -1202.1516558139847
-0.011624083078474214 0.9781630160326924 0.20751384232964218 -1116.9943775799513
-0.45570954717604 -0.18990543225750636 0.8696348287710758 225.1619085651132

400880
10239.386026787091 0.0 1227.1069171160125
0.0 10238.159339813628 2087.622232703557
0.0 0.0 1.0
-0.06838996308540195 0.36541689006175254 -0.0018362811351491373 -0.000342022907856324 0.0
0.4949863563435908 -0.2099553143259835 0.8431531729288417 -2395.970646863561
0.0531772666724262 0.9758685890035134 0.21178450204285856 -325.7225637217583
-0.8672719788756844 -0.059993857873697015 0.49420648688021607 1383.739764061261

400881
10049.916435257792 0.0 1218.6461332800873
0.0 10044.245853771288 2078.4647814813875
0.0 0.0 1.0
-0.047069001749432966 0.13340077480944193 -0.0009191639096708476 0.0005231563693719537 0.0
0.9607005830563581 -0.05027511196945911 0.27299597585245094 -671.0907951565397
-0.005782066420250375 0.979624232411335 0.20075589899281807 -1124.2710582601908
-0.2775264985962339 -0.19444479007924356 0.9408348772170139 33.27721283279623

400882
10100.057809979964 0.0 1390.5764106331644
0.0 10095.542638639421 2073.5369207709664
0.0 0.0 1.0
-0.05112267293706685 0.17735173248487338 0.0006589583577306855 -0.002623917250599731 0.0
-0.19491655274773367 -0.2071835562984335 0.9586879113999891 -2703.485907879326
0.046495528773590436 0.9743846112684488 0.2200290779131207 -1156.5206222203547
-0.979717154728345 0.08746201074047955 -0.18029058047559787 3155.8546020054637

400883
9740.209146864896 0.0 1533.631409719529
0.0 9737.62129059113 2068.122973547302
0.0 0.0 1.0
-0.0686622406656068 0.17861949654332987 0.0011091276942006194 0.0004920509266332957 0.0
0.971672964566935 0.06830035584622368 -0.22624480396460622 670.3383732775969
-0.07909448005864536 0.9961046131010978 -0.03898285498735292 297.23113319260653
0.22270095005175983 0.055773301408394815 0.973290103564221 140.31513446275497

400884
9764.25740043311 0.0 1188.862765058107
0.0 9760.394963433237 2079.7298683036397
0.0 0.0 1.0
-0.08023067815343361 0.418441623065221 0.0003910356904826515 0.001048150314298628 0.0
-0.8145374111735453 0.1025856498629362 -0.57096846694095 1559.9333273640839
-0.00427198788666653 0.983152559844154 0.18273695354630248 -983.6278109003117
0.5800952989968078 0.15128525544178584 -0.800376296230541 5007.970075393623

400885
10102.631423521038 0.0 1089.2518364021662
0.0 10101.192369674214 2190.878311293497
0.0 0.0 1.0
-0.06992692198190087 0.4339081641617663 0.003565772394008807 0.0007088476292605817 0.0
-0.787376723856329 -0.13592865705517906 0.6012996714787483 -1701.4226719614305
0.09637234726125996 0.9362553296500595 0.3378436448791269 -674.3253205110592
-0.6088926550818544 0.3239588830284392 -0.7240858904124128 4858.209443275451

400886
10022.926042036079 0.0 1315.2971251743497
0.0 10017.75722551248 2034.1639090465053
0.0 0.0 1.0
-0.057141734806499214 0.24726874769717513 0.00034184438918364235 -0.003959851878627958 0.0
0.9277864461351445 -0.06537904193493665 0.3673389323820558 -944.2029728810313
0.06808351558192072 0.9976638744333702 0.00560611778354023 -662.5425394154241
-0.3668473051201618 0.019808445831673988 0.9300702555182638 84.95171362374549

400887
9960.006880539964 0.0 1499.9294080908132
0.0 9954.205613402442 2141.8197926649846
0.0 0.0 1.0
-0.05404410920561792 0.050876202977699236 0.0007623002739907707 -0.0009741203967314024 0.0
-0.17181183817729262 -0.16520009391087898 0.9711795000070671 -2807.512319475286
0.23010111194260363 0.9518400821621611 0.20261770967096562 -1261.67326349987
-0.9578800397465841 0.2582816039933295 -0.12552466886519031 2995.776795824119

400889
10091.242469113873 0.0 1431.7231032473721
0.0 10087.923172935996 2038.2102749598093
0.0 0.0 1.0
-0.05712200547495474 0.13973923055698662 -0.0007889820639719495 -0.0034604619272180946 0.0
0.8924715633222852 -0.09219054880686428 0.44158284768745887 -1209.7953894292511
0.11361562296304586 0.9932754587633386 -0.022256532461240142 243.6549416756487
-0.4365615636766426 0.0700340326496226 0.8969443881261738 300.0267330783105

400892
9851.555981162126 0.0 1318.961790261899
0.0 9845.696538248998 2006.453823243904
0.0 0.0 1.0
-0.061263894501714676 0.2043853971171559 -0.0006099163698303118 0.0011733447958766161 0.0
-0.09781134462988428 -0.20170014549146525 0.9745511747314329 -2741.143669236758
-0.006051850282122406 0.9793491295759394 0.20208576770028241 -1114.4753770547136
-0.9951865734473396 0.013868442867585914 -0.09701211430832601 2893.2500119103074

400894
8871.697814926209 0.0 1235.8997133908858
0.0 8869.923578728958 2055.7662520912095
0.0 0.0 1.0
-0.08884127418135342 0.20363273755856945 -0.0018421324698255836 0.000680845035921648 0.0
0.4954495898208908 -0.19837352305919964 0.8456817659707417 -2404.5804761205745
0.11713530754495877 0.9799389678028196 0.16124186524563766 -83.15138541002395
-0.8607026337084481 0.019171977744240135 0.5087469032797304 1321.259582167678

400895
10001.106298453333 0.0 1153.6127519406898
0.0 9997.74384086855 2134.2355555190315
0.0 0.0 1.0
-0.07844060504019772 0.41342481166448697 0.0021284951446648463 -0.003910938351511337 0.0
-0.2081669822999963 -0.2036706779141386 0.956652895484098 -2657.105118912469
0.025612154874673304 0.9766089165385491 0.21349248619114697 -281.9961313330705
-0.9777579071543165 0.06894402871457804 -0.1980812860969321 3323.8478241852536

400896
9709.430300106744 0.0 1483.1458839774537
0.0 9708.332830179172 2253.726528897751
0.0 0.0 1.0
-0.0644675863104914 0.10213376678195697 0.0038011209154144997 0.00033419615558870456 0.0
0.5915976882964338 -0.15274457071926595 0.7916320302502311 -2255.4341172184636
0.24133352666492353 0.9704177802315276 0.006889173969741036 -1.485503544708996
-0.7692660814762251 0.18697173028643094 0.6109593013973287 1081.8305194903594

400897
7067.806222191557 0.0 1498.802388480063
0.0 7066.145190065642 2107.537706287051
0.0 0.0 1.0
-0.13214369772878662 0.17864766922596384 0.0001450139900873864 0.0011409401783987914 0.0
0.41282785824608137 -0.16859010740244765 0.8950701286167385 -2541.2115704695702
0.22148930538335024 0.9718023576118231 0.0808867439133466 -47.393983177129705
-0.8834679660614496 0.16485615980646115 0.438527991714454 1544.1305148651147

400898
9732.21809163922 0.0 1102.8561430194811
0.0 9729.549576106336 2223.7146217871373
0.0 0.0 1.0
-0.0669520486500323 0.2094799896575863 0.002520284058227013 -0.0016015342152324798 0.0
-0.7891733942838328 -0.1349527801574692 0.5991603298636384 -1684.492646102692
0.016141563502451918 0.9706658815696054 0.23988996703571613 -372.3799798723535
-0.6139583077719778 0.1989861640528568 -0.7638453396030502 4943.370896052338

400899
7078.972454555462 0.0 1436.6062077240701
0.0 7075.67697198942 1986.642283807501
0.0 0.0 1.0
-0.13343856812654092 0.19674879099306677 -0.0010811964019463542 -0.0012290742897022899 0.0
-0.24634627463645753 -0.20893573114539782 0.9463928218364067 -2805.3918892618785
0.3676386228861553 0.8833605032205131 0.29071646721913275 -1013.8066032390052
-0.8967470969761263 0.4195474724041844 -0.14079972465935375 3191.91486456121

400925
10121.34164814441 0.0 1476.4337765401074
0.0 10115.623865152413 2009.3399437201929
0.0 0.0 1.0
-0.04936985016205653 0.04276219833425262 -0.0010739598695740976 -0.003408728948691454 0.0
0.5057466200450564 0.18625327424743443 -0.8423360814693333 2356.687427573943
-0.09348550603868533 0.982497951232229 0.1611155982056467 -1092.7759649444918
0.8576017819907398 -0.002737454398239317 0.5143069996312761 1325.7425014793837

400926
9882.870879390503 0.0 1046.9091918001852
0.0 9880.512371898489 2140.15545709786
0.0 0.0 1.0
-0.07643250683281165 0.3307146201248533 0.0026443567833389554 -0.0018191971406833819 0.0
-0.7408413514468364 0.1360823490994597 -0.6577504741541422 1855.445557499383
-0.03841949496129603 0.9690730661597934 0.2437649171857501 -386.22609474570345
0.6705803713152847 0.20586157171077224 -0.7127011848590028 4897.366090530624

400927
6918.653461987172 0.0 1091.9759367857403
0.0 6915.869706412729 2138.5118770974323
0.0 0.0 1.0
-0.13748262369795317 0.18240352197626844 0.0018410864650182366 -0.0016964287296496183 0.0
-0.7440840200816681 0.1388862162289214 -0.6534903136242473 1829.8401464262056
-0.1014164555765312 0.9433356554444741 0.31596288343006057 -547.3592793855157
0.6603436026777251 0.3013776038606019 -0.6878356390111267 4850.303104533211

400928
10114.70508791624 0.0 1437.6487311415972
0.0 10107.274508102937 2116.0338377555267
0.0 0.0 1.0
-0.06762273789283162 0.269454516106542 0.0005394583307151452 -0.001404272312937985 0.0
0.5103287664970475 0.18558527413201165 -0.8397158186618543 2365.947505776015
-0.2074546742573261 0.9741673439044519 0.08922188183922178 -953.3462762811344
0.8345819961000769 0.12867047872566348 0.5356461515684771 1292.246804949481

400929
9896.487868203947 0.0 1544.866261382262
0.0 9893.183614400694 1981.9343410204401
0.0 0.0 1.0
-0.06327965405263813 0.1659387869744673 -0.000739572175367579 0.0019911118927837964 0.0
-0.8281153524903211 0.1124925069845655 -0.5491542577838748 1434.1220717019125
-0.10948727890564552 0.9283294372455269 0.35527030793642284 -604.7831159198415
0.5497613106864363 0.35433020167032164 -0.7564473606647066 5056.857957635831

400930
9715.27966772179 0.0 1151.47200981322
0.0 9711.899306281977 2004.9636797225112
0.0 0.0 1.0
-0.04852402944193023 -0.04116775710970823 -0.0016015724937257052 -0.0010202364806045129 0.0
0.44239891874102366 0.19478005210030502 -0.8754107196057034 2530.990949375759
-0.0037876230750673173 0.9765264289956207 0.21536431316376944 -1121.1863974419168
0.8968103760596297 -0.09196121343731498 0.4327519897295935 1573.1639931468962

400931
10095.707751480115 0.0 1499.7829324677177
0.0 10093.739900218598 2240.5732919198813
0.0 0.0 1.0
-0.08816778065689403 0.5436492297452727 0.001985970740509908 0.0010203115253131657 0.0
-0.27071140391621484 0.19647790676856355 -0.942396820846482 2580.9473063861574
-0.2275276287274278 0.9381550148711656 0.2609527662964256 -477.7577637832534
0.9353857567631584 0.2850642036873918 -0.2092651089424309 3555.7373452891266

400932
9774.821948254681 0.0 1396.2844662265127
0.0 9770.48661981289 2048.55239800761
0.0 0.0 1.0
-0.07080048385658869 0.28579841115270876 0.0013184520027725096 -0.002424979349118502 0.0
-0.6824463298197461 0.15611991652121063 -0.7140683290701028 1970.788341224109
-0.1588348196986825 0.9219043008582485 0.35336094876252405 -692.8928611621199
0.7134693454990518 0.35456879688499715 -0.6043529277737307 4660.254332581273

400933
9708.691906292943 0.0 1192.420440265416
0.0 9706.05549883449 2173.6060534782246
0.0 0.0 1.0
-0.08137233094887461 0.4213262052022638 0.00031400421118022646 -0.0007512516924004425 0.0
0.5338562565024949 0.16754334750737754 -0.8288104271177845 2407.015487468055
-0.035518349956313214 0.983751615716956 0.17598637842361348 -175.9926833475506
0.8448289437569734 -0.06451345038285082 0.5311328181445543 1428.908202239038

400934
9187.435431557904 0.0 1520.53246141842
0.0 9183.90019636105 2072.9397412469975
0.0 0.0 1.0
-0.0928941392899188 0.451653870031458 0.0017934903335493938 0.0010310077932975561 0.0
-0.0745202789283883 -0.19547054439928352 0.9778742221271012 -2786.8951212366815
0.30913508781257965 0.9277657924656381 0.20901227670573622 -565.693800316142
-0.9480939961372733 0.31787088668648833 -0.008710561727111266 2818.9953627908594

400935
9564.603482756758 0.0 1403.6794595770987
0.0 9560.467668980014 2102.391896531028
0.0 0.0 1.0
-0.10204656450417136 0.6263648238424268 0.0010284390071714563 -0.0021427666246127855 0.0
0.6030257620215882 0.17623158242793138 -0.7780117991992348 2228.4452492136083
-0.18051052575917179 0.9801401005676098 0.08210562312937533 79.07275755088342
0.7770301670002462 0.09092751296644411 0.6228613866321357 1186.9779647221549

400936
9601.14607360222 0.0 1628.4492262891995
0.0 9597.485855641347 2064.218187056281
0.0 0.0 1.0
-0.07067318774597652 0.18987996598851126 -0.0007427814712165318 0.0026867123814853346 0.0
-0.07892393185353574 0.1993791046723462 -0.9767389546858628 2652.9317753269415
-0.22518452507926257 0.9509048649018778 0.2123013602659402 -301.07194658770476
0.9711142788805062 0.2367021557273934 -0.030152061760340576 3049.610248806199

401244
4647.850068039586 0.0 1205.9436203909036
0.0 4647.6394104730925 2074.6899153085424
0.0 0.0 1.0
-0.03696282614689504 0.003817070592014507 0.0005211667031660404 0.0008030548513215737 0.0
0.9149235340109392 0.0862133224569986 -0.3943123000159384 1206.2571762357682
-0.2387329832359123 0.9033067624106049 -0.3564315582247911 1496.922336381019
0.3254558182429921 0.42024297259347076 0.8470385790255294 -329.6494325441339

401245
4630.6286918226515 0.0 1168.8364552620403
0.0 4629.705247747419 2103.1221651478604
0.0 0.0 1.0
-0.037969521665937124 0.0026285182911877695 0.0007197929672434137 -0.0009121337340459581 0.0
0.9128179339364463 0.1003295583477738 -0.3958502231977876 1225.9758419418838
-0.2764126972427893 0.8653370806882096 -0.4180762581024821 1667.9668944037142
0.3005984702006378 0.49104553404724877 0.8176275699884933 -421.05983214866626

401247
4638.979231421011 0.0 1145.972337159435
0.0 4638.8762076537405 2148.127576763293
0.0 0.0 1.0
-0.03875460187967033 0.003097889362208493 0.0013751283575713803 -0.0002674653664893272 0.0
-0.9028298685163869 -0.12856247925143927 0.41032903558413597 -1331.4100384277474
0.2461014651472873 0.6280224120476208 0.7382559981593424 -1566.8592098800052
-0.3526078521063341 0.7675021425993622 -0.5353579771875507 3374.0148536338447

401248
4649.323055059569 0.0 1158.169631784969
0.0 4649.429068322804 2169.7097730136124
0.0 0.0 1.0
-0.04178304756645091 0.014448568713584437 0.0006413929709954482 0.0007244134563202129 0.0
-0.9716170319081727 -0.03292213669741404 0.2342572863780955 -669.478295370784
0.14033490158035566 0.7169789941494235 0.6828229912260665 -1395.6702772931499
-0.19043754541682206 0.6963169212820824 -0.6920088774227233 4121.798136175084

401249
4632.2554392928305 0.0 1208.788358265563
0.0 4632.3012602332565 2204.5229052937466
0.0 0.0 1.0
-0.03862367234664171 0.003041584930768309 0.0016323498432939646 -7.15649085555587e-05 0.0
-0.44708172951084446 0.18891913250951203 -0.8743154399354081 2420.953812648506
-0.7562477031831234 0.442178902129172 0.4822522472131061 -1046.5250660234963
0.47771051753948557 0.876805212053221 -0.054820448269450095 1833.2322183253623

401251
4647.767229682107 0.0 1156.7981855451003
0.0 4648.6756178954565 2092.49375144755
0.0 0.0 1.0
-0.03947407990706651 0.01132596143038977 0.0011691176447369215 -0.00035468997226821173 0.0
0.3693266117331162 -0.16958823050634161 0.9136945255059067 -2464.071616545043
0.6007695399937444 0.7936947177933793 -0.09552305880044237 800.5064792011142
-0.708994932056246 0.5841990474321368 0.3950160241027485 694.9237118519019

401252
4646.734518063894 0.0 1201.972109707067
0.0 4646.542108976498 2097.389178406
0.0 0.0 1.0
-0.03680820865973585 -0.0018912322294012943 0.0010108954780065165 0.0006187700493974778 0.0
-0.395121063985036 0.17025169897102838 -0.9027146303194666 2495.2585062488424
-0.6883590691029255 0.5958487582647662 0.41367384405844404 -751.7784481640692
0.6083100663141181 0.784843051999452 -0.11823809432284849 2106.680393287955

401253
4644.233556429863 0.0 1209.7047308478357
0.0 4642.730680105746 2050.8031789013125
0.0 0.0 1.0
-0.03594916541223979 -0.0051195000193126105 -0.0011481247803137623 0.00027348398314916704 0.0
0.8488080886839526 0.14071569587620708 -0.5096311622328151 1604.4423590669617
-0.295851894369276 0.9252984005418213 -0.23726467615904784 1252.0525686075166
0.43817403526773 0.3521675210589726 0.8270317720186886 -179.69989056901966

401255
4642.5749007398545 0.0 1231.955288370303
0.0 4642.892774645477 2078.461619030627
0.0 0.0 1.0
-0.043806737213639334 0.018404588187687716 0.0013809045679049666 0.0003537583153605137 0.0
0.2352517781197857 -0.28125141131729114 0.9303516778742924 -2596.110877731902
0.7440106819570645 0.6680248813530804 0.013815318562625023 439.6081139550665
-0.6253836470721497 0.6889415080580026 0.3664080955021356 652.2886550601283

401257
4972.199426978331 0.0 1158.4224637110106
0.0 4971.8997196262635 2120.196730459314
0.0 0.0 1.0
-0.03723470960357072 0.013583603848305573 0.0010435721817831864 -0.00011693223256516154 0.0
-0.5798610458188742 -0.19429384102955538 0.7912086140075969 -2213.1352787847095
0.43679029626128874 0.7456435715364604 0.5032195359068714 -891.5090658156514
-0.6877320732914936 0.6373896512843091 -0.3475039968142093 3069.3822983897267

401258
4652.7093870939225 0.0 1046.8100371372943
0.0 4652.26851333067 2156.308424106555
0.0 0.0 1.0
-0.041248674996818016 0.013736884657145601 0.001316904404825846 -0.0014956996093377294 0.0
0.9011692945564064 0.12405756875069757 -0.41533555372057285 1290.1803688676325
-0.347819579905169 0.7787598228188637 -0.5220676950336267 1855.769987218949
0.2586801932566556 0.6149332142589128 0.7449440916054716 -336.8120424950827

401259
4738.933476544964 0.0 1168.5717448961238
0.0 4737.622955888797 2172.6934317656082
0.0 0.0 1.0
-0.03757685146705988 0.006486317380103293 0.0008652349805211304 -0.00045111488254248426 0.0
-0.6999655692449751 -0.18044883747871682 0.6910039210627809 -1943.4488190202226
0.3474116429211929 0.7593263633140497 0.5502078010525272 -986.913217263806
-0.6239818524879998 0.6251893241481651 -0.46881228304813516 3493.0303164788443

401260
4772.057313162808 0.0 1115.6109306854114
0.0 4771.145965091356 2183.0805976745382
0.0 0.0 1.0
-0.03487640633297474 0.0019295745239419366 0.001068137557327473 -0.0010288694404163418 0.0
-0.5262125363950569 -0.20478377630477756 0.8253265847548084 -2230.950020010326
0.5037798412960175 0.7068319449117935 0.49658279587191795 -1086.6783622589312
-0.6850592952762851 0.6770909884310722 -0.26877789221026616 3072.186026692462

401261
4869.180994977036 0.0 1096.2782662125574
0.0 4868.405048066192 2207.5653624167358
0.0 0.0 1.0
-0.0372879611999802 0.008283451981528092 0.001115812245368196 -0.00016953175830374757 0.0
0.547553843656741 0.17452798674040537 -0.8183671365231318 2395.861081957308
-0.48719055048944326 0.8616383338785124 -0.14221374443018653 732.6530415865944
0.6803162175125055 0.47657041812874 0.5568217674930421 873.7998400603599

401470
5270.379785695613 0.0 1176.9994223788938
0.0 5270.208090253049 2085.9775340920833
0.0 0.0 1.0
-0.028454731314058297 0.0011972410602834912 0.000879663838926145 -9.493656517466e-07 0.0
0.9553657924324777 -0.0484748811895953 0.2914213247919901 -674.6532583393216
0.14751702260298144 0.9329411701684508 -0.3284197025866037 1482.4791376054818
-0.2559588457002716 0.35675055556842006 0.8984509504749874 -419.98374550115085

401471
4652.200265045527 0.0 1241.8996908831157
0.0 4653.107974077305 2028.7220214174324
0.0 0.0 1.0
-0.03939701117291196 0.008690700012477796 0.0008793691081564433 0.0003350988703730463 0.0
0.9571019547552445 -0.08508879907844834 0.2769760720262264 -713.5917224005059
0.192027779741068 0.9021086994878406 -0.3864262233804441 1642.7699834466991
-0.2169819808449674 0.4230363939187082 0.8797494128493919 -549.2014285350457

401472
4696.066505092234 0.0 1054.7898275559123
0.0 4695.141330661115 2149.3167954640394
0.0 0.0 1.0
-0.03553523928144814 -0.0021677161023318323 0.0010272114123403434 -0.0007578188396251477 0.0
-0.8837310116601287 -0.10935236746950677 0.4550401726869609 -1243.962721951086
0.23360442072978554 0.7394498351469709 0.6313817513332316 -1196.5068110655586
-0.40552246996395475 0.6642710297987797 -0.6279295544282033 3901.456299805105

401474
4651.286702336224 0.0 1189.724085668433
0.0 4651.12486721094 2161.6506309520755
0.0 0.0 1.0
-0.03750190049526411 0.00233048907029502 0.0020546072799530832 -0.00010170278676231717 0.0
0.42159774801171823 0.16776774811105136 -0.8911281173687624 2547.7413414541493
-0.5318550670664552 0.8416952936310761 -0.093162333134337 750.3826573491647
0.7344287075728892 0.513228034476921 0.4440849672301149 804.7180426249786

401475
4652.460546736249 0.0 1232.7578441983203
0.0 4652.322349913392 2131.92727799504
0.0 0.0 1.0
-0.043385431350334326 0.020911567341345944 0.0008077174842359269 0.0005153826909454982 0.0
-0.4300564398027762 0.1940610580641007 -0.8816982274719641 2428.7723925614896
-0.5526264311557135 0.7156911446129799 0.4270716721004359 -793.9945410790078
0.7139015941796608 0.6709146676482818 -0.20054431570636644 2664.5565514123814

401476
4659.4242905794035 0.0 1159.5278041770187
0.0 4657.799337713043 2096.0585787491536
0.0 0.0 1.0
-0.03580115880190589 8.645476091389881e-05 0.00022891709638617186 0.0004364674823638664 0.0
0.9465178426638708 -0.18404394007739505 0.2650128329717639 -586.9561017077258
0.2743485307331577 0.8913655120607765 -0.3608329358486933 1352.9126850871355
-0.16981418434126594 0.4142406933528113 0.8941855460513175 -235.5808318156819

401477
4628.572969472598 0.0 1192.2722804352607
0.0 4628.39945086345 2088.696468515216
0.0 0.0 1.0
-0.03898182261658827 0.0026992629546074886 0.0004388321850407535 0.0011752860162366782 0.0
-0.5293402444618969 -0.24188534542452778 0.8131976298919448 -2392.2149771168856
0.48694095453579067 0.6982881825354585 0.524673346880799 -942.3442726695606
-0.6947570887646937 0.6737099478263499 -0.25184815625893453 2614.7615333457907

401478
4642.773760724928 0.0 1096.521394423603
0.0 4642.866038554097 2005.7157798968701
0.0 0.0 1.0
-0.034817786271992654 -0.003893831909663087 -0.00012100839268701369 -0.0004101681773705681 0.0
-0.9364476749454766 -0.07583600020105655 0.34251226717114347 -959.4547360253422
0.20660408780395143 0.6698445636467691 0.7131781064051018 -1543.989617778273
-0.2835145551676467 0.7386184140856326 -0.6116063565576448 3785.126597258504

401479
9650.872986135686 0.0 1130.2304810081137
0.0 9648.162963845672 2174.836648378226
0.0 0.0 1.0
0.015070445025254807 0.18379116751927513 0.002641234859430328 8.026250692275231e-05 0.0
-0.9052886959152455 -0.08455679931512144 0.4162961983223668 -1256.407682330107
0.32567830495165995 0.4910418484964313 0.8079675393906747 -1903.0493767908076
-0.27273800382764163 0.8670225203042825 -0.4169963195920592 2936.7273699139214

401480
4655.017437491649 0.0 1147.5891203766596
0.0 4654.924645177056 2128.5437091566073
0.0 0.0 1.0
-0.03607106987283185 -0.009073091162610458 0.0005827644832598945 3.604000928513126e-05 0.0
-0.26093988020975756 0.21150448088450566 -0.9419003309702644 2649.4727620176186
-0.5211765761361947 0.7904248672370207 0.32187498464511277 -390.7745530308659
0.8125794455947498 0.5748864094924442 -0.09602218898679182 2458.8274546137177

401481
4641.236732639573 0.0 1195.4634885678909
0.0 4639.963208670173 2097.454188145821
0.0 0.0 1.0
-0.037365050494746394 -0.004822938284251885 0.0013550487958498393 0.0006435347338721404 0.0
-0.990829000113491 -0.021918781957499738 -0.1333321399048251 290.69343555915896
-0.10658860608090348 0.733253646979741 0.6715489246842998 -1306.8423302532976
0.0830467433908775 0.6796018365104739 -0.7288652702823488 4369.595202534714

401482
4680.272701843447 0.0 1104.0118248993156
0.0 4679.720212133132 2103.920659198164
0.0 0.0 1.0
-0.03303005610219722 -0.005444083456408484 0.0007736616664122371 -0.00047980830475552087 0.0
0.400779194772938 0.22594005063595773 -0.8878778804293845 2596.753254464704
-0.552769468654956 0.83248231016588 -0.037671179750535744 438.2637790625874
0.7306312007846867 0.5058896092820058 0.45853435166890877 987.8085070834023

401483
4653.070357733774 0.0 1204.9066553072682
0.0 4652.234998538644 2161.0242599818957
0.0 0.0 1.0
-0.036385190067312466 -0.003089039156579685 0.0010233066295387983 -5.709088436725496e-05 0.0
0.9116855029075643 -0.08181529466123394 0.4026609011906633 -1036.6985869853825
0.20875970138394268 0.9363003315625854 -0.28242003504333696 1333.2524082573273
-0.3539052569068008 0.3415376211712087 0.8706911751352733 -227.43074584694514

401484
4638.7164189254945 0.0 1140.4545799280625
0.0 4638.544990251969 2047.5418983490251
0.0 0.0 1.0
-0.038383749406165485 -0.000988936162936096 -0.000638774740063489 -0.00044257566777683476 0.0
0.3298994503463354 -0.21484630484127654 0.9192428503704748 -2483.449086380888
0.5469837091163638 0.8371430023906574 -0.0006446003885531848 574.1580905409944
-0.7693992296737051 0.5030235171882177 0.39369044506198525 852.7637092867863

401485
4646.7348440342375 0.0 1094.4833157184821
0.0 4646.613679230957 2074.996924773007
0.0 0.0 1.0
-0.04037443269773182 0.0026474395396811133 0.00024129363413332222 -0.00028512528329136357 0.0
0.16128752629203724 -0.265892147489792 0.9504144884027507 -2633.0677009002598
0.8521006225334185 0.5233748400235083 0.0018182157540138633 375.66050633760995
-0.49790648011524874 0.809555521711534 0.3109806976736815 733.3612053421072

401486
5210.040608621708 0.0 1116.3214621453612
0.0 5208.958834308262 2012.6186807476006
0.0 0.0 1.0
-0.030857447709522753 0.005792396149373327 -0.00023600079007271942 -2.448899907470984e-05 0.0
-0.9454397091638347 0.007363076010397096 -0.3257138950795134 900.9789275788827
-0.2451941948525691 0.6422314297377913 0.7262359103401268 -1775.5126662811128
0.21453103073169513 0.7664754241126179 -0.6053857126531637 3941.97150348209

401487
4661.12306837745 0.0 1141.9365723639057
0.0 4660.733813981834 2101.797107944402
0.0 0.0 1.0
-0.03656358312168429 0.00304523411365717 0.00026607640859095026 -0.00040931288853575534 0.0
0.1494508579702325 -0.23545909999606005 0.9603246603524282 -2564.4598419752815
0.5400588356990688 0.8330005092612709 0.12019403293770264 237.7651788776361
-0.8282517099501381 0.500668716617594 0.2516544081973604 1367.9743131636226

401524
4720.788478177765 0.0 1076.356822064887
0.0 4719.6277854250475 2118.9747381785683
0.0 0.0 1.0
-0.03284015428875094 -0.005841683071416317 0.0005073369788111823 -0.0010882070436531346 0.0
0.885045069663149 0.12539980768664555 -0.4482969026182358 1353.5045351859974
-0.4087330183291898 0.6702327299499026 -0.6194557348442349 2055.6598618863895
0.222783626850049 0.7314799901132314 0.6444412150626967 -153.1704656634481

401525
4656.978352889342 0.0 1061.0199435926959
0.0 4656.68444822466 1949.1125106736667
0.0 0.0 1.0
-0.03958541609571717 0.0075753836025174315 -0.0014341633504364923 -0.0009689916612528368 0.0
0.4799187225156234 -0.16282229598967354 0.8620712961858916 -2241.765061007825
0.4424019085058073 0.8934588133140747 -0.07753644473294316 843.2252396076289
-0.7576005353280788 0.4185931782053508 0.5008205067991447 632.4611612453406

401526
4629.965917881634 0.0 1205.7289488824003
0.0 4630.43841542293 2137.160673493635
0.0 0.0 1.0
-0.03586452828575912 -0.0054819958335739875 0.0008759243516000786 0.00021975210870713564 0.0
-0.9693097638884127 0.00641845769757024 -0.2457587944130892 540.5709971929674
-0.1792203820897897 0.6658267432454333 0.7242615567754302 -1524.166159251768
0.16828141987213066 0.746078783628086 -0.6442420448448363 3808.3891053959414

401527
5096.300983819156 0.0 1138.127499206134
0.0 5095.602421631717 2152.430727337524
0.0 0.0 1.0
-0.023480308800702055 -0.025725253743371597 0.0008960161324055646 2.3140758548841326e-05 0.0
0.9721186482510251 0.032740338739257475 -0.2321926009627316 760.4690440517611
-0.11731853162923564 0.9252706064278826 -0.3607085624391781 1509.8466326998353
0.2030312681804447 0.377892015131065 0.903313859653013 -375.79662467139804

401529
4634.129459045478 0.0 1172.0735578538208
0.0 4634.314633085615 2118.858061281257
0.0 0.0 1.0
-0.03154970863866569 -0.015066855635470026 0.0010300880654667882 -7.93715385104974e-05 0.0
-0.40209372316138636 0.17852316156666018 -0.8980256781286705 2490.713728394546
-0.6070398662851113 0.6822740744596137 0.40743672890503096 -689.9861962727076
0.68543653136871 0.7089651388499449 -0.1659674466897343 2381.6547628727913

401530
9832.095009943574 0.0 1502.9520655791016
0.0 9826.354817896814 2002.755585508599
0.0 0.0 1.0
-0.05001404310757656 -0.012149790888047211 -0.0019826834794615432 0.0018515286097457516 0.0
0.9344653454787408 -0.06777169907969977 0.34954472518284163 -938.6038375230071
0.012609270276930533 0.987401201616117 0.1577335517578029 -977.0647807534497
-0.3558307524686153 -0.14298903402323826 0.9235467566651513 88.39564628801666

401531
9669.664144602431 0.0 1421.659394245023
0.0 9665.702175416887 2077.450062580397
0.0 0.0 1.0
-0.07512680148650439 0.2624231120032533 0.0006115883739284893 -0.002664489858004429 0.0
-0.6981774787789756 -0.14209281783048758 0.701682149727942 -2049.562489119216
0.20053558008187336 0.9020566286863421 0.3822032440525034 -947.7955528974348
-0.6872653703243461 0.40755793424251086 -0.6013009570829881 4517.907104339432

401532
4648.89318133445 0.0 1237.3765722155933
0.0 4648.207111217696 2031.731115104311
0.0 0.0 1.0
-0.03677195648344774 -0.0007520823808237639 0.0007884342902322506 0.0007718027158830572 0.0
-0.5118690030305104 0.16532593006358845 -0.8430050181257287 2326.430721821435
-0.46068950340722803 0.7754418685502886 0.4318044580011171 -658.1013087837126
0.7250898600773235 0.6093908805913051 -0.32076073554161977 3076.3159553577048

401533
9943.401498579913 0.0 1384.2005065277872
0.0 9941.362536222203 2139.6413271577803
0.0 0.0 1.0
-0.05700485277148329 0.129416590656737 0.0036821445911118036 -0.002064275116051189 0.0
0.4258176820005898 0.20020277220846283 -0.8823820894010095 2508.700135140533
-0.19624630935573079 0.9724345026026487 0.1259306325410699 -23.463912078363787
0.8832704499528441 0.11954073844504012 0.45336886096435336 1662.355871455723

401534
10069.153277847954 0.0 1033.9710844471954
0.0 10063.92698259851 2066.6279278712077
0.0 0.0 1.0
-0.06932858708699334 0.24201918595055763 0.001125923133702195 -0.0047100593301816615 0.0
0.957404428730971 0.07531388682769682 -0.2787554094492661 946.8303625186055
-0.02662888065263605 0.9843007924217294 0.17447880316285738 -167.4146453765617
0.2875198472479957 -0.15962383433829783 0.9443794623717888 186.8046578827954

401535
9660.091442550236 0.0 1030.2616161849364
0.0 9658.462171878391 2172.3628222238394
0.0 0.0 1.0
0.030563675826217176 -0.02757791651217833 0.002071403236242654 -0.0023804389786410587 0.0
-0.9016674230864106 -0.16982026505658587 0.3976894966186853 -1351.4774539748698
0.3180886772948404 0.36254315688047 0.8760034547739878 -2134.3165817768786
-0.2929427444425467 0.9163643036343428 -0.2728754505323172 2411.1095883904313

401536
9828.273527235853 0.0 1125.8988732243918
0.0 9827.684016457924 2115.67808362813
0.0 0.0 1.0
-0.07593860150255516 0.3029255444980775 0.0009204866683774628 0.0009285047529571196 0.0
0.923398452629142 -0.07798854860347557 0.37583651228802867 -935.1934630964898
0.010129262782452166 0.9837517344616485 0.17924821611157554 -184.06416188376298
-0.3837091290516688 -0.16171057859775717 0.9091847958759476 230.99316519566676

401538
10213.744342505015 0.0 973.408894475129
0.0 10209.327543109179 1912.1052036048577
0.0 0.0 1.0
-0.05872479224092751 0.1306091490978507 -0.0013679763157187648 -0.005021862044040122 0.0
0.9581454247220825 0.06226865096881614 -0.279427915911535 945.0323218788172
-0.039903076540048425 0.9955788518953622 0.08503231233684945 152.18808327264674
0.28348737108869443 -0.07032328750304721 0.9563940326392593 165.76026241906828

401539
9346.623264146003 0.0 1062.043585019641
0.0 9342.85165177847 2140.6185168372444
0.0 0.0 1.0
-0.07192630805521365 0.19820781206721155 0.001849966710001509 -0.0026595583236209354 0.0
-0.20823988416002148 -0.221435549080438 0.9526817140306966 -2662.919514014944
0.14320203917868524 0.9566356491422787 0.25365608757764363 -414.37109221586013
-0.9675377649580853 0.18924727843109357 -0.16749967458576465 3262.7787061472663

401541
9024.918063595882 0.0 1038.6743942841
0.0 9024.0397091104 2030.1929668857404
0.0 0.0 1.0
-0.07978212990315028 0.1283112776884382 0.00133285029978793 -0.0018277141005578613 0.0
0.9202801915788932 -0.08045411985194154 0.38289881638151496 -929.5831485741533
0.04830136362925246 0.9945056192918409 0.09287384706421267 125.96957918892036
-0.3882671081344265 -0.06697542680566854 0.9191098655466212 209.67462452636713

